#0:
>0: 11137.0,28826.0
#1:
>0: 8645.0,21977.0
#2:
>0: 10554.0,16113.0
#3:
>0: 7212.0,18525.0
#4:
>0: 9300.0,8163.0; 9121.927847735156,8401.94328189498; 7422.731011491966,18915.022189297135; 10555.51835545479,15815.645814179765; 8458.500629181055,21331.844953135304; 11165.486422681346,28619.329832149586
#5:
>0: 9160.0,19165.0
#6:
>0: 16298.0,13600.0
#7:
>0: 6787.0,12422.0
#8:
>0: 11288.0,16071.0
#9:
>0: 10025.0,19851.0; 10020.660687656797,19572.03342724203; 11455.150227424014,16107.724274069655; 7064.922791430817,12522.0; 16196.131411824286,14070.380288226357; 9406.108558151303,19324.935952744225; 8944.547028632007,8641.400461142277; 7674.45831617,19285.610593951857; 10718.66562854042,15748.279244613073; 8433.551362885073,20664.924265214002; 10770.415180520566,28075.842497201225
#10:
>0: 14074.0,22120.0
#11:
>0: 292.0,23757.0
#12:
>0: 15589.0,12450.0
#13:
>0: 20678.0,19761.0
#14:
>0: 14503.0,27374.0; 14390.725788136002,27431.46317930047; 20556.749828254095,19811.350016270666; 15492.984261933576,12167.89190361927; 379.8156192413607,23090.762492036618; 13802.299903053914,21997.8748532772; 10374.144731221211,19338.589321588675; 11676.608662117163,16092.687360393322; 7195.685025946137,12692.119570046692; 15528.709787488877,14061.100947176343; 9642.079470134526,19506.929712796064; 8883.712449634388,8904.57942407087; 8034.439106932598,19565.884748531178; 10982.664188325798,15803.558859988156; 8731.122721819376,20077.824214908673; 10640.04168802464,27424.551446343376
#15:
>0: 20077.0,12394.0
#16:
>0: 17248.0,13289.0
#17:
>0: 6136.0,19581.0
#18:
>0: 13125.0,15897.0
#19:
>0: 9100.0,19997.0; 9105.267125141127,19715.877473284567; 13211.821855414475,16081.596280905738; 6427.996543718382,19525.436561297312; 17116.832613215734,13274.19741089582; 19992.687926619717,12123.376322563416; 14278.451576272004,27488.926358600944; 20467.985427860018,19768.746466581728; 15123.793690384997,12409.019789061564; 450.0778227709532,22422.587528880063; 13692.564319264528,21780.53392623217; 10450.771805480736,18898.015089523367; 11773.941022930769,16311.764961782052; 6920.477186015013,13028.444095839333; 14908.765826566738,13871.478297510894; 10017.822885638196,19572.498023147728; 8540.821979991897,9192.90237811434; 8694.069483858919,19680.969377402114; 11249.321475480605,15670.528026014308; 9071.639786786971,20096.358488769765; 10552.70791166954,26758.250733377714
#20:
>0: 6909.0,21450.0
#21:
>0: 20695.0,11013.0
#22:
>0: 9742.0,8731.0
#23:
>0: 13137.0,12346.0
#24:
>0: 15609.0,8000.0; 15418.625020769688,8405.538367214569; 13427.620196103002,12408.964117584688; 9537.419653334597,8833.084408245373; 20757.954664784225,11126.91147701183; 6833.537752956027,21218.25227879221; 9605.170684581115,19677.077247910926; 13050.782017332129,16369.941203248722; 6600.00405919994,19369.781285043497; 16985.665226431473,13259.394821791639; 19876.47335316862,11854.481782617828; 14208.120323415542,27420.44351914596; 20447.19642519381,19638.39380121525; 14865.73753724531,12433.072495483957; 509.1335778149398,21753.187682114974; 13783.56965475322,21498.097555991302; 10493.697996848305,18541.90362557849; 11724.227290822475,16554.40271695779; 7003.392123070797,13366.227396913277; 14367.755048154791,13473.762184679463; 10569.577078294971,19515.042265812062; 8227.783665399,9506.424677592966; 9252.563765025136,20386.26006793501; 11328.758842131045,15419.639870779209; 9796.99041011944,20719.996346712167; 10465.512136471252,26091.93188645671
#25:
>0: 10623.0,25720.0
#26:
>0: 12000.0,7271.0
#27:
>0: 9622.0,5453.0
#28:
>0: 5627.0,21958.0
#29:
>0: 12463.0,18091.0; 12052.689485162762,18042.88749695667; 5771.665316597694,21975.66734170115; 9832.52078805682,5635.779359194131; 12088.013424462517,7405.1196671040825; 10887.689521716271,25102.360596005234; 15299.813980880459,8836.944299005778; 13117.446801003996,12911.054627271242; 9241.951682688223,8860.952699841922; 20834.14979272755,11234.699706785312; 6608.688780650789,21126.556991317786; 10095.391085036154,19559.798804662223; 12464.884235080051,16662.456890836464; 6885.438521726194,19286.095442530983; 16961.129023975172,13086.815393231858; 19541.15159661803,11680.69172025588; 14151.580123698977,27307.70168378299; 20459.723833354754,19513.757350838863; 14722.978327395209,12171.496870699579; 567.7097684037113,21083.745503957587; 13781.373233371889,21259.726365081526; 10530.140941893671,18246.14035578925; 11792.795130270768,16756.730223055252; 7161.18311860976,13619.023729834695; 13773.344155150648,13164.011159408808; 10956.511784599777,19352.61834198948; 8314.945827337287,9849.90742709676; 10128.401577509689,20774.243794499907; 11170.430243889063,14942.247311405637; 10776.335707003684,20899.726885671174; 10353.273810473805,25834.58371947446
#30:
>0: 6268.0,19819.0
#31:
>0: 14307.0,25828.0
#32:
>0: 10577.0,4322.0
#33:
>0: 16226.0,12077.0
#34:
>0: 10068.0,15943.0; 10211.455149873034,16366.439222159226; 16266.928270533135,12372.171191179446; 10367.505731443203,4457.028930141884; 14416.328103814196,25765.11215267325; 6519.248296967477,19800.75466116727; 11842.932041416429,17647.02889712003; 5925.525510704898,21752.09205480784; 9916.22861653149,5921.7811064825955; 12105.191649539876,7602.373079199265; 11149.34779621543,24483.394818856556; 15094.449557072077,9235.100885855843; 12481.920005345635,12693.322235374868; 8942.73937316365,8854.946032458094; 20799.68583600173,11302.049594383443; 6672.938172296284,20892.323698811266; 10373.551422154738,19346.68928014836; 11910.141688281245,16811.76379465332; 7137.10893956918,19132.33288996313; 17015.487680330232,12794.085637746011; 19040.623438198385,11711.589886503185; 14095.039923982413,27194.95984842002; 20534.816929197033,19405.391980745473; 14578.823085151373,11910.68417423319; 1146.790650214879,21059.879531138107; 13509.094053468249,21138.717258059725; 10566.583886939037,17950.37708600002; 11778.613817679798,16996.069684568123; 7322.38229001669,13869.653182525997; 13246.94671954719,12867.59678884175; 11325.773714446756,19118.42542010581; 8634.953643272782,10239.398497216709; 11102.759204686126,21000.84123512163; 11072.74889000635,14447.658280047983; 11709.422920789848,21258.39244456096
#35:
>0: 17262.0,14729.0
#36:
>0: 7813.0,17106.0
#37:
>0: 15871.0,28983.0
#38:
>0: 2640.0,18288.0
#39:
>0: 16132.0,9350.0; 16118.456430479875,9288.409005277528; 2649.863451094945,17990.264311093266; 16054.126312332308,28917.888473850835; 7980.955521315315,16865.311350792796; 17211.76720921809,14694.197371983519; 16230.347527185324,12666.78937915301; 10516.936472913469,4694.735487677075; 14525.8863674788,25702.626193981385; 6537.240322651758,19589.9167342532; 11722.92668049641,17230.466390071804; 5948.104691833008,21465.283473438045; 9936.484533453471,6216.344876042423; 12199.838662959928,7710.715219042428; 11416.508134803187,23866.793734488103; 14917.718900548949,9646.723300952242; 11661.692280863022,12925.151375149799; 8599.848903521159,9143.268986501564; 20671.945801471837,11335.313442301293; 7037.593757568691,20549.61717984904; 10449.820653298513,18906.080860028604; 11728.957806557823,17194.44472196463; 7380.578032677389,18964.35163943551; 16986.97464824406,12499.771019327998; 18540.541145519455,11773.0; 14039.702872862308,27081.627925700664; 20612.689257847484,19298.809147087533; 14421.964026461346,11671.991197820831; 1805.6884523076558,21191.93136337571; 13231.625930115959,21030.018405612438; 10855.4272902676,17701.899068129; 11958.065975091495,17108.886771217454; 7483.309073131464,14120.464995391436; 13495.406802959318,12243.227814988335; 11549.258229898967,18740.10625573943; 8889.394725506207,10674.865542651154; 11982.53234015172,21463.788784742203; 11003.655238032377,13947.914285242827; 12265.484968534034,21881.433340312207; 10325.940157958681,16833.73498524559
#40:
>0: 7057.0,21641.0
#41:
>0: 13647.0,15674.0
#42:
>0: 10233.0,4863.0
#43:
>0: 10318.0,13043.0
#44:
>0: 19033.0,16395.0; 19158.399446650616,16355.089423766885; 10413.826575699202,12873.71267984548; 10427.317234713648,5085.559221925732; 13351.859341181083,15632.817582490385; 7258.3994205585,21492.067294394958; 16104.91286095975,9226.818010555056; 3286.3788128245665,17843.006297160326; 16188.221977080915,29117.60050474801; 8236.880547813706,16934.783980552464; 17188.43881153031,14635.967815929236; 16303.999804197929,12951.058336903676; 10752.393389350076,4791.684686111737; 14641.638581388866,25665.62579890523; 6550.608552798556,19385.888515391776; 11668.908548958507,16815.143436304443; 6164.921013386833,21262.23038253462; 9931.5747983056,6514.304427828865; 12315.671727336397,7832.441393946175; 11677.69629815823,23247.636476966294; 14730.76694834237,10044.520938999405; 10704.34675214425,13242.31509088488; 8286.623795935506,9456.569985709817; 20544.205766941945,11368.577290219144; 7421.633737618983,20227.114980669747; 10493.037333519558,18547.26543006758; 11825.053604915794,17615.176292565477; 7627.658174863382,19216.086524427843; 17302.937004776275,11971.607001072263; 18052.666434658116,11650.622527694613; 13984.189144862614,26968.378289725228; 20526.882415107444,19131.10295768562; 14128.29424564296,11717.0; 2464.4074894800356,21324.8719911482; 13027.669660640146,21069.32273927333; 11068.165785667077,17307.66260255324; 12170.880555949996,17238.23394209571; 7644.386906757696,14371.179671018528; 13793.282989759531,11641.48224497882; 11928.338098260088,18920.82997560227; 9154.359521540144,11104.129042554281; 12171.134711396931,22088.537353874726; 10800.462988190311,13515.237821180091; 11993.437674085308,22495.87363940445; 10306.439722823781,17333.86932293876
#45:
>0: 11619.0,17001.0
#46:
>0: 12087.0,13768.0
#47:
>0: 8836.0,16947.0
#48:
>0: 14434.0,11671.0
#49:
>0: 11063.0,5444.0; 10880.681112838189,5250.001494431537; 14140.110961530445,11714.807888955082; 8934.510051533722,16731.906765468895; 12064.051822069156,13709.261085846738; 11721.587572084281,17257.24855831438; 19288.379834480107,16332.087276482453; 10411.640496075352,12625.261896049884; 10679.61653796277,5229.201710823735; 13158.223689830553,15792.8991051976; 7294.147737457049,21263.788088041245; 16091.369291439625,9165.227015832585; 3951.5862054380814,17937.852216605526; 16230.15621227346,29396.10801772041; 8627.534477629764,17254.016710735763; 17167.25060287605,14576.571362160736; 16453.3555127027,13196.17775635135; 11032.757390375404,4690.708363263993; 14682.0,25582.30618775329; 6792.124384780122,19313.77719456579; 11750.745156791521,16261.745156791521; 6391.307241164559,21068.715218593443; 9926.665063157729,6812.263979615307; 12321.917734368271,8130.375929366554; 11936.08712790228,22627.33873757785; 14548.50530724051,10453.769472223552; 10203.52676363616,12850.544606060266; 8308.642654556032,9842.375793727044; 20416.465732412053,11401.841138136995; 7711.965621371634,19814.713459490555; 10529.480278564924,18251.502160278345; 12035.753781647532,18010.516721883258; 7910.0461745858875,19568.22681881617; 17751.207203961385,11568.978575006911; 17576.46231352841,11693.362673611482; 13927.784330130182,26855.568660260364; 19983.68925808389,18854.224464361174; 13838.62528216313,11668.608971090143; 3119.26069786325,21407.219411921582; 12962.011872169756,21357.976255660487; 11281.693294946592,16913.84245673306; 7860.21332566158,14573.497186594135; 13858.0,10984.029095126014; 12257.411023298791,18800.391022799315; 9414.8640513733,11536.167975911456; 11901.797509862701,22704.19103858295; 10433.46773044239,13170.218871151128; 11732.375979184699,23115.038250477108; 10256.313819717097,17835.87016580741
#50:
>0: 7951.0,20523.0
#51:
>0: 16254.0,28515.0
#52:
>0: 15645.0,13226.0
#53:
>0: 11069.0,23712.0
#54:
>0: 5264.0,18505.0; 5491.909383272036,18334.93780218558; 11210.464940752556,23618.83901965013; 15476.9381110733,13081.848165037993; 16144.707389445246,28407.8421045294; 7708.465467608208,20565.57155589569; 13850.006716846125,11672.647544687336; 9048.432286344589,16877.510032512557; 12041.103644138311,13650.522171693476; 11855.527523468738,17670.702333266545; 19418.3602223096,16309.08512919802; 10372.381956817766,12378.389876667885; 10939.427497647643,5208.878375789274; 13013.556208506176,16008.606461040072; 7434.730146609154,21130.736214255212; 16050.507259512238,9118.334207814583; 4602.53640578362,17815.338038099668; 15619.62857075582,29676.881707632936; 9040.356515241114,17543.85846625122; 17146.062394221794,14517.174908392237; 16376.483655894406,13630.935957032309; 11297.754355540945,4566.0940520847935; 14682.0,25456.18118775329; 7024.833117331782,19220.07934907032; 11453.908017019987,15660.343913620869; 6771.883096306342,20827.91144368658; 10045.858570678987,7034.929285339494; 12691.84510233588,8215.613962528147; 12205.435471216495,22011.68776464069; 14249.989868805707,10958.05525942717; 9857.785615988862,12274.309359981437; 8711.7327816028,10377.120731622505; 20288.72569788216,11435.104986054846; 8107.537581302697,19570.567197662836; 10565.92322361029,17955.73889048911; 12202.828914732143,18311.699540831047; 8573.949332890006,19644.255493919336; 17246.660830909226,12063.242540820374; 13870.593048287605,26743.157167390447; 19977.90711807014,19863.207896760767; 13440.739168743055,11545.836323895834; 3789.0337837681145,21352.578252672734; 12816.82311911936,21617.943221919195; 11656.556715367884,16803.443284632118; 10589.254193620049,5206.537287170222; 8089.21381723072,14764.187445551146; 13875.21469991672,10312.668098972319; 12302.998950267298,18354.785242543654; 9674.453865682377,11968.756442803962; 11645.310933818768,23325.31696008317; 10147.56817910146,12757.280298502432; 11473.207991709027,23735.04781442999; 9776.206864151969,17811.391294903064
#55:
>0: 17269.0,25176.0
#56:
>0: 7982.0,16823.0
#57:
>0: 21063.0,10755.0
#58:
>0: 12749.0,14406.0
#59:
>0: 12321.0,27037.0; 12082.189939544096,27126.02508267253; 13140.779092920473,14228.369114153284; 20949.473089612868,10822.32877445085; 8140.19145525826,16855.276993311774; 17367.658030066243,25088.30397327445; 11410.197101804846,23648.15352984735; 15443.04254540656,12792.429163539024; 15962.753746775072,28485.92457323432; 7668.743404660655,20803.976912720253; 13458.618508867006,11548.991501564766; 9121.934217921387,17104.43785758089; 12018.155466207467,13591.783257540214; 12065.120361763227,18066.64778007908; 19547.97359630885,16284.168496414477; 10391.130035288348,12175.13357470816; 11086.743516787257,5044.695711775419; 13097.623911676355,16245.508004397478; 7650.856026088089,21004.846712009436; 16006.572607058964,9073.094565684478; 5270.938705656214,17817.264483509058; 15296.019070116403,29623.970919654803; 9475.657445294175,17775.459539686923; 17103.009824279572,14499.633485611197; 16185.603810676696,13777.162576386552; 11587.928861073935,4498.250435298207; 14682.0,25330.05618775329; 7218.1896954025015,19061.158120095; 11196.86790892712,15042.583360662138; 7267.425522470592,20378.640965415438; 10210.88034253784,7228.967925541147; 13139.359335820622,8229.922034903588; 11881.538794732121,21387.834961327462; 13856.127228724961,11501.8283806112; 9512.328374325152,11697.903993938082; 9062.025932140794,10950.407081118994; 20160.98566335227,11468.368833972698; 8604.872483521833,19651.604109801425; 10832.292982076857,17743.815685939953; 12191.96319978533,18750.97255548095; 8678.22467072672,19168.87320301532; 5564.931506319811,18048.14726914317; 16961.41442623963,12461.0; 13814.559367210268,26630.1628614414; 19922.52356273355,20870.084564490244; 12998.800587279124,11474.072780661738; 4457.452307503803,21284.0608547218; 12698.818575793392,21890.471905159422; 12106.487990963467,16776.68995650919; 10529.67133371058,5009.052593768246; 8318.214308799863,14954.877704508155; 13978.713712001763,9648.686215692402; 12385.330771210049,18091.429149566076; 9934.016974295564,12401.36162382594; 11383.034287913038,23944.011813109697; 9888.00507048827,12324.675117480452; 11205.415663001046,24351.378847923523; 9289.277829883858,17701.337535171606
#60:
>0: 11718.0,19242.0
#61:
>0: 13940.0,20262.0
#62:
>0: 14417.0,15953.0
#63:
>0: 19940.0,15948.0
#64:
>0: 11513.0,15775.0; 11768.3224760205,16370.581661515156; 19923.848316043226,15816.991896795043; 13772.677208649535,16109.426081713278; 14188.965838814782,20265.32640525834; 11814.783149283085,19161.126409503177; 12106.069619536382,27423.06676322795; 13512.890489606069,13980.168900289516; 20835.46684494124,10888.861294137638; 8335.220650803654,17015.256562106802; 17466.316060132485,25000.607946548902; 11556.01106057323,23538.182937005673; 15427.008595852127,12555.943745328777; 15808.927143867997,28348.947941267466; 7394.829042251419,20917.807016731305; 13180.615639133996,11634.940203311196; 9180.345917333778,17254.588156374535; 11995.207288276622,13533.044343386951; 12303.910704437189,18348.301657335545; 19660.161287528084,16217.897241732888; 10550.758236713307,11979.816141257295; 11370.71938722883,4954.367678949974; 12739.785580958333,16561.832571163217; 7848.9682589250115,20848.701993090315; 15962.637954605689,9027.854923554372; 5937.668511998968,17818.859257491247; 15164.726303051291,29356.452606102583; 9976.586565301966,17831.880016902043; 17094.653355514605,14437.127099249241; 15920.629625938513,13913.4209469413; 11875.785438143681,4500.157928547236; 14682.0,25203.93118775329; 7429.0103548354355,18923.991543551063; 11063.952693674082,14384.564323477767; 7683.10066911057,19855.677493537692; 10201.490940457983,7526.8197956389395; 13586.560612882538,8256.09296055665; 10982.050565576412,20963.450006845218; 13557.491251874482,12103.405413125978; 9461.30219046599,11891.37685202388; 9408.760047870124,11526.044669555096; 20035.871662394875,11452.017284319232; 9096.426036538165,19716.25529758384; 11045.962006515227,17350.07947720884; 12107.828363866194,19105.93255989138; 8551.74330111995,18174.193401172302; 5696.116961571716,17794.82267189119; 16762.827190048374,12862.785543313283; 13759.18065182989,26516.846096604066; 19842.728337774657,21875.924373840502; 12564.734663466676,11490.3284316002; 5127.057643575817,21233.57167460327; 13677.53662937399,21876.025299342375; 12727.81334741352,16567.116867348515; 10602.603053310364,4776.861963566248; 8331.654037388746,15225.400475950466; 14137.20530224735,9333.256680461593; 12796.567959486838,17947.562624299953; 9924.39693324726,12668.761515644235; 11116.586922309098,24560.91807493194; 9628.500997487916,11892.034561591649; 10943.59516328234,24970.27481163882; 8874.923121337495,17428.951527628506
#65:
>0: 9665.0,21204.0
#66:
>0: 16678.0,28796.0
#67:
>0: 12752.0,25710.0
#68:
>0: 8562.0,6777.0
#69:
>0: 7618.0,12339.0; 7463.3042914600655,12126.651178082364; 8800.687865883572,7028.898599199684; 12737.076397858702,25760.04083448086; 16796.094980459045,29069.499323705; 9824.001304904428,21343.591829224595; 11704.243324439454,16893.408013728073; 19816.606106179057,15776.62141593049; 13141.046228524745,16321.440906660564; 13955.541282714155,20080.73790545608; 11919.162907364649,19091.725544968875; 12218.669114258753,27691.537402352296; 13821.469160085411,13658.662252794895; 20721.46060026961,10955.393813824423; 8530.584202295222,17174.828317905256; 17564.974090198728,24912.911919823353; 11653.593992317543,23305.572460173298; 15555.349232625673,12351.129188642439; 15562.104460481085,28391.86324910094; 7130.3667037507785,21055.15209860457; 13049.576480835154,11900.847038329694; 9173.545226955695,17447.32161059033; 11962.223808316705,13489.0; 12832.871079778119,18488.381927278217; 19745.918495294205,16242.429467059435; 10712.809445458779,11786.51829946026; 12117.78188521105,16770.078896461822; 8059.770422978292,20731.46707996581; 15918.703302152415,8982.615281424269; 6591.037666445412,17935.167547074994; 15032.661128954906,29089.32225790981; 10478.673627048425,17881.129181227123; 17086.29688674964,14374.620712887285; 12164.052196002278,4460.647749543114; 14682.0,25077.80618775329; 7603.383253770049,18742.8237956435; 10975.252161867716,13718.896575529661; 8224.038277131338,19584.96987721599; 10190.745829800277,7824.622432957006; 14004.22578065606,8327.630676072482; 10002.04006741743,20775.44723745317; 13303.077170564207,12725.111797798552; 9295.08502031902,12062.455708458798; 9754.549960094317,12102.249933490528; 19919.263584202974,11390.158120888162; 9596.60123298258,19679.284530898425; 11258.647820857395,16955.80798053746; 12411.611414696406,19705.235747987037; 8663.666186652208,17172.504176125785; 6347.010980540041,17929.837436732625; 16523.123298150465,13306.196965268797; 13703.729951227146,26403.56538789858; 19752.90283890481,22880.902631103516; 12584.202839708307,11195.33282188864; 5793.295383638082,21170.491253012522; 14684.011545269093,21811.767593179127; 13301.516671376095,16238.727312329283; 10411.186386711284,4571.275877804975; 8166.474697774238,15469.509692205915; 13209.40264265746,17936.331507520274; 10946.995228004698,25126.324062475887; 9368.685264903648,11459.581846438565; 10677.115682400416,25587.170597744433; 8664.924603544423,17756.335530998982
#70:
>0: 11124.0,17201.0
#71:
>0: 9903.0,21111.0
#72:
>0: 13282.0,16741.0
#73:
>0: 14220.0,28470.0
#74:
>0: 10070.0,16554.0; 10184.314727146413,16733.182330503412; 14109.318601178653,28201.12732722119; 13257.95037081318,16612.066001195588; 10180.281479516765,21061.35273953344; 11154.355029897182,17145.723865310687; 10120.27844540917,21311.644700497527; 11718.632447978998,17316.35104042003; 19786.104996658625,15891.381612090885; 12562.741453010669,16640.221903973958; 13713.932196859565,19943.40316690422; 12031.402876824008,19034.195510371614; 12162.190072896154,27969.588310625193; 14110.386892231918,13316.28347227803; 20718.651139097074,11071.311367503178; 8640.015340813554,17368.724902415946; 17663.63212026497,24825.215893097804; 11749.939295767845,23072.447207762976; 15633.773054107543,12109.036952325969; 15415.748125265587,28295.87255538105; 7041.329572968822,21233.240706398403; 12954.859612872175,12182.540234894137; 9206.389997778637,17646.021786344416; 11946.0,13442.161308316705; 13331.478596105833,18859.11259486279; 19764.58611431753,16373.102800222709; 10876.17875942788,11594.319106555437; 7787.50158552401,11821.316565171852; 11776.391664203655,17003.562992801628; 8304.370089792279,20776.47686938798; 15874.76864969914,8937.375639294163; 6925.053228920213,18235.22263408748; 14900.46025205354,28822.25275586364; 10949.873934242076,17961.2712600427; 17062.832117011352,14320.750680008905; 8620.596069198278,7266.324076374303; 12508.609730379052,4357.420924254686; 14682.0,24951.68118775329; 7753.176183399224,18539.998717289647; 10504.57094886408,13248.558257819275; 8828.53697943629,19680.747551593857; 10339.44094926277,7919.367904885814; 14053.453237986741,8992.9681251924; 9185.659613361733,20279.056924334003; 13031.358250200576,13339.101029865047; 10100.291107741614,12678.485179569358; 19791.159214089857,11400.001277584595; 10086.658187831985,19561.22852677087; 11622.600247774215,16837.193308605598; 12875.963917017976,20142.270021053973; 8793.15483906621,16172.189069749513; 7014.729324634116,17981.13634501824; 16324.907123761435,13769.854364190844; 13647.10240053756,26290.86878247672; 19652.0453513154,23884.82824898865; 12702.366938702233,10969.939595880132; 6436.902287194233,20977.308629809566; 15688.441805318536,21851.975384774785; 13951.190938999942,16082.48061298114; 10344.01473048937,4285.277535902826; 7976.234481134822,15698.864678149024; 12674.595424578334,25768.585241083303; 13611.885146765442,18106.268257668547; 16333.146362579795,29348.95926365953; 11288.921397840997,25133.801746714646; 9108.180735070491,11027.54291308139; 10481.534922038334,26214.94553048786; 8175.754222093798,17719.228384112605
#75:
>0: 15895.0,10846.0
#76:
>0: 20334.0,19109.0
#77:
>0: 12481.0,18383.0
#78:
>0: 12105.0,26624.0
#79:
>0: 9588.0,16564.0; 9778.492414709275,16658.4834661633; 11837.259783831532,26749.357844629656; 12555.906309348682,18182.59712677436; 20369.270889335436,19236.199104359894; 15971.920966205636,10951.975819913981; 14504.834742044495,28019.783710447766; 13192.424731741714,16498.63510311727; 10368.233488364252,20901.826976503737; 11184.710059794364,17090.447730621374; 10386.565140387936,21264.687326137908; 11883.323041959484,17722.944512598548; 19798.462453423464,16022.793106503956; 11972.492926675319,16768.432764844765; 13479.218577256655,20009.358691191705; 12104.158033321753,19098.7330653619; 12139.640382250038,28257.702268900615; 14424.87692110408,12998.22707327722; 20794.846267040397,11179.09959727666; 8608.352910757452,17618.979878436287; 17762.29498539196,24737.525306503907; 11846.104338821417,22839.246978358064; 15769.681755115229,11846.776927140709; 15391.82224277495,27998.834593803942; 6814.464468737167,21192.78174396578; 13078.975696981535,12336.06791209594; 8993.295394480136,17511.17069271773; 11935.928065496877,13380.390917738026; 13299.1593773511,19449.58503447522; 19667.096102213276,16424.034076957396; 11040.327192269406,11402.78494235236; 8169.653629865494,11587.6543083227; 8441.845087860745,20622.418924713682; 15830.833997245865,8892.13599716406; 7210.813674168688,18352.217866255593; 14768.614783645407,28555.006109758564; 11147.044213932531,18327.63925084888; 17009.847589634996,14287.990465959998; 8441.030903323635,7504.147853057523; 12914.115868640423,4538.617221434434; 14682.0,24825.55618775329; 7898.801777969423,18334.03081454332; 10115.821571450213,12704.369285750354; 8577.253391696564,18707.070848772666; 14176.863380568897,9355.80845088562; 8741.063849351913,19382.866081576783; 12734.477480320846,13940.197014703586; 10238.258844331307,16460.068565814836; 10484.283664013985,13226.20633778532; 19661.057076454505,11422.304501179227; 10558.46443288564,19523.66023572134; 11766.41036754722,16389.156429541297; 13361.711608836938,20572.175511973124; 8996.409667808137,15186.739645128131; 7681.572278844433,17976.072212662628; 16142.582233614032,14240.219649430835; 13590.958869625305,26177.928888897415; 19396.253307682364,24381.775855517746; 6576.102235240418,21179.362393357093; 16659.497041228176,22089.582182699847; 14565.076472372417,15849.721070482095; 7790.8604300942625,15932.104232275575; 12635.0,25797.098550474653; 15722.159384417962,29628.742240242787; 11736.68799660219,25145.732759795737; 8841.717180188502,10599.203351168708; 10568.87419974604,26881.245600770544; 7778.278207986219,17941.612653427357
#80:
>0: 8797.0,12657.0
#81:
>0: 7256.0,20616.0
#82:
>0: 9919.0,12953.0
#83:
>0: 11196.0,24373.0
#84:
>0: 21446.0,16138.0; 21391.38554740769,16169.529993249167; 10934.415418400547,24991.99717824029; 9837.05035085749,13115.259923292402; 6975.6807171677065,20612.20318808047; 8905.711452886773,12593.052086537193; 14636.53291426858,28287.102979174946; 13116.398865460533,16390.727421943982; 11048.36242685233,20983.991054782542; 11215.065089691547,17035.171595932057; 10365.846949114095,20828.639772832266; 12103.645220233633,18107.404560647887; 19811.355416271057,16154.161944167272; 11715.904302570281,16526.441897989098; 13193.30735031412,20017.448117594326; 12161.442425130152,19211.09860313991; 11982.916216068372,28501.22116013106; 14741.790285643352,12951.839244819426; 20865.577630712774,11284.891194149963; 8576.69048070135,17869.23485445663; 17860.964034536788,24649.841677810426; 11944.883924049425,22607.173774102084; 15712.901375933532,11677.880359048026; 15372.883150618974,27701.861973315077; 6593.640529058888,21098.51972256235; 13370.846512641885,12395.95616166783; 8815.913144880944,17464.099423413205; 11921.007679775135,13319.120083773354; 12864.659708210385,19948.63196651789; 19539.79269163724,16457.74294605154; 11209.421033559045,11215.839976302597; 8552.19624213623,11354.542605546063; 10065.207616805053,16725.46689015741; 8507.641007229462,20405.23858430683; 15786.89934479259,8846.896355033954; 7394.208014414606,18117.334116042253; 14636.83934307296,28287.72496445022; 11450.568487712782,18655.015055181877; 16950.285260392713,14267.27313404964; 8250.41864134176,7731.817798881868; 13248.04431971886,4837.04431971886; 14680.605899567514,24699.447781835574; 8075.288989185551,18276.798239342057; 9770.080423802914,12128.134039671524; 8597.860242314719,17701.91231555098; 11540.225186051124,26772.53198198255; 14437.881199320298,9499.45013645707; 8562.407984220428,18396.966781493375; 12584.04679135808,14594.886728619285; 10102.743017194194,16033.981379184517; 11380.357938549618,13032.846835942371; 19705.336938884095,11541.355484942715; 10942.830829897888,19355.872842226934; 11997.168255637434,15951.970623112175; 13986.88095806818,20818.64515469163; 9499.595699990028,14318.155056948573; 8237.476432420415,17733.805991576683; 15954.18814965029,14708.223477186122; 13534.894439756843,26064.949708545515; 18761.71020246962,23597.27853389901; 12754.613286769409,18179.22279003288; 17596.250380216818,22464.42826661201; 15107.918903527067,15471.743491573781; 20403.259008321613,19363.706656998955; 7607.9729213066,16167.262174105954; 12635.0,25860.161050474653; 16037.178316842097,11063.196610402447; 15318.138185322281,29669.068144831836; 12184.556771988859,25156.235246128395; 8581.334632434733,10168.214235971896; 10654.849666008698,27547.715327710703; 7405.277650552154,18103.137183596788
#85:
>0: 2411.0,21657.0
#86:
>0: 8406.0,7003.0
#87:
>0: 12002.0,17946.0
#88:
>0: 11287.0,8526.0
#89:
>0: 12694.0,13133.0; 12986.540823014391,13189.769697572612; 11329.795511715618,8407.358561664209; 11788.450382888344,17552.23243412575; 8594.496489673793,6837.424633630594; 2535.8859015019575,21614.2505952551; 11180.410269040734,25135.50082321981; 9619.34006472883,13242.665942827502; 6432.760479691138,20978.547111464904; 9014.684164318083,12529.551110432878; 14768.307627150318,28554.3844835185; 13092.965678601302,16236.567668868338; 11937.02007613022,21429.560553122727; 11245.42011958873,16979.895461242744; 9512.87667038464,20611.76254109891; 12189.35742249885,18433.326808360165; 19824.17495965872,16285.536915051482; 11568.899774211513,16429.986211046853; 13021.942192413886,20255.935367084596; 12218.737266143604,19323.45833474773; 11781.677320566203,28734.16352887434; 15043.346291943544,13283.148598254382; 20737.837596182882,11318.155042067814; 8549.13218113918,18119.65000601844; 17959.633083681612,24562.158049116948; 12045.746212184704,22375.966375145832; 15341.607278526919,27408.261551184638; 6722.100525303,20870.298964664256; 13229.971771961511,12910.687040405397; 8724.157684149412,17695.955804777568; 11906.224828857332,13257.814731437755; 13131.025647541543,20433.559921127886; 19414.586938194716,16499.26012689166; 11131.738831699187,11000.405723775559; 8930.471348297799,11114.518282514739; 10326.517710346441,16836.292717248525; 8663.736404186826,20603.39077215426; 15742.964692339316,8801.656712903849; 7832.944753657474,17908.561340651737; 14505.141170848876,28020.405695723035; 11837.202236123709,18874.585293082575; 16890.72293115043,14246.55580213928; 8018.172904459808,7896.870921588535; 13533.370130577012,5162.547780549345; 14582.006087729604,24697.057391122446; 8303.275325589848,18336.550118275663; 9424.34683972246,11551.894895386706; 8717.965254657218,16700.102284482196; 11244.275923932588,26772.650351632587; 14701.219562058926,9638.938152824563; 8636.829094243878,17393.908505110892; 12319.34725544001,15211.833388424422; 9873.711602098121,15686.580965149644; 12292.545997140098,12626.99326803384; 19742.512301377865,11667.063685135528; 11315.28560358908,19127.793441454414; 12198.882776919021,15490.793057702449; 14607.86306054722,21075.47302493121; 10194.593078462569,13596.268228324461; 8749.852696660377,17628.860996227675; 15646.51875508643,15091.257240297426; 13478.831384320814,25951.96984556022; 18127.16709725688,22812.78121228027; 12842.533040176877,18182.980044452004; 21336.771094815384,16201.059986498334; 18111.34868604165,22508.079696440127; 15656.866640498036,15084.286489036887; 20424.541238706384,19493.979703596666; 7651.696625771995,16458.11955098916; 12663.216584276724,25894.37296479385; 16074.306014298621,11189.867578195295; 15186.910913371603,29401.51739619453; 12632.525070615122,25160.871098810137; 8257.549494281597,9781.32480175179; 10841.6045251169,28177.435624385576; 7221.9263762617165,18338.05461848997
#90:
>0: 9707.0,19557.0
#91:
>0: 8232.0,7238.0
#92:
>0: 16009.0,22788.0
#93:
>0: 18363.0,12850.0
#94:
>0: 16878.0,20900.0; 16710.05507217802,20711.785856751227; 18318.675351820533,12733.366309037743; 15859.16424315213,22865.59409446603; 8161.674591474776,7454.188723674568; 9286.304889879002,19713.001793469877; 11372.071146416252,8288.52975061378; 11741.329229779543,17122.69046727865; 8794.91901986663,6939.5523616463515; 2660.771803003915,21571.5011905102; 11600.732285955339,25142.348554082233; 9632.850953248091,13429.911538106708; 9102.454587268006,12551.749313193623; 14900.153509991474,28821.630925016732; 12978.269317187072,16013.81272369371; 12186.299804190956,22053.774295008425; 11275.775149485913,16924.61932655343; 8910.672658197456,19838.434551731596; 12150.953343515226,18863.71776662618; 19833.256835751952,16417.224118403316; 12633.62421523924,19989.610721405756; 12276.461039223888,19435.598789742242; 11342.843429722041,28820.520515619497; 15342.97846038417,13616.190438282474; 20610.09756165299,11351.418889985664; 8561.194165329065,18371.61145354048; 18058.30213282644,24474.474420423467; 12146.608500319982,22144.75897618958; 13111.042098846952,12909.496726746556; 15316.89759497853,27111.287761871612; 6593.500185209529,20603.80633775049; 12607.207084130954,12737.20451170069; 11891.441977939527,13196.509379102155; 13734.496878518847,20719.144093113904; 19291.10361525057,16545.905979584648; 11011.2274346978,10778.804695139384; 9291.29804782562,11331.237472759976; 10306.16758693785,17336.477291845596; 8814.76581276941,20805.409546745992; 15699.03003988604,8756.417070773745; 8401.13749975037,17772.459610493806; 14110.261175752756,28200.682222561198; 12155.121434008272,19198.6997359393; 16858.54719539276,14277.67537704679; 13397.870089385913,5820.667590091923; 14458.819204723752,24720.7805772681; 8545.556599497313,18330.268751448933; 9077.497259393935,10976.326577426204; 8876.275713312296,15703.998022975635; 10956.783910083168,26698.028979257564; 8754.168834158905,16391.78370963555; 12062.015982641351,15832.471857148266; 9462.208969294335,15695.90032033194; 12926.768605251706,12849.132151078009; 19386.577388901456,11668.505025253342; 11543.87703935681,18753.098679751125; 12401.301241791954,15028.769518436535; 15232.847923331334,21322.339169332532; 10304.274435581414,13019.566109529245; 8665.875086300886,17153.286749182294; 15248.376126601795,15377.887387819816; 13422.768328884784,25838.98998257492; 17837.68155041444,22797.267417907573; 21282.156642223075,16232.589979747503; 18130.032630377926,22309.473575967717; 16021.290731332525,14541.223819014545; 20467.7479472989,19499.398410096703; 8172.997623347795,16882.17805114519; 12725.677399017763,25886.588092458805; 16098.396204273731,11316.790036218546; 15055.124499032252,29134.248998064504; 13080.494718286322,25165.914947182864; 8288.374387721457,9455.086725674431; 11240.537732834826,28718.104257581464; 7261.62194748807,18673.368889512243
#95:
>0: 10658.0,4825.0
#96:
>0: 10793.0,23978.0
#97:
>0: 12593.0,16832.0
#98:
>0: 14808.0,13358.0
#99:
>0: 12741.0,26322.0; 12532.854111926596,26223.29075800986; 14696.364370447336,13145.09022744176; 12269.429999672122,16681.309268484612; 11067.273176795228,24094.525484754467; 10511.554063174504,5029.926840255463; 11686.339203594665,16710.902374238234; 9005.587645207805,7078.055790952316; 2785.6577045058725,21528.751785765297; 12048.590476024283,25152.954926104077; 9761.106037495729,13647.122480928; 16543.249157727096,20522.577584766026; 9169.101842422213,12658.827130716256; 15032.351043710236,29088.70208742047; 13133.469075700237,15870.463562805924; 11917.132697189347,22669.508066183436; 11300.779352504114,16866.87818454793; 8594.723647063864,18884.51836567694; 12191.213821123998,19269.715471038468; 19842.338711845183,16548.91132175515; 18409.79381867881,12671.570591040241; 12360.119296091389,19598.122382510872; 12334.184812304173,19547.739244736753; 11139.439276205718,28869.906971702912; 15643.822382195567,13948.147909943906; 20482.3575271231,11384.682737903515; 8573.256149518951,18623.572901062525; 18156.971181971265,24386.79079172999; 12317.82095507452,22105.147320614207; 12475.699099024807,12691.143339252343; 15292.187911430145,26814.313972558582; 6507.022447085991,20321.1620608885; 11847.573830792893,12853.197226789847; 15625.164970127644,22686.186056290146; 11876.659127021723,13135.204026766556; 14357.007274246178,20972.179465866073; 19167.554807408545,16592.37846693807; 10890.215236218586,10557.480307910455; 9637.5539608914,11907.162539910629; 10256.06353076983,17838.480321971765; 8916.903231252323,21029.62488010515; 15661.588337905947,8705.961616133161; 8791.90879801298,17525.281234332768; 14219.70846423871,28469.370896515113; 12385.539111158698,19647.505669073926; 16842.093619994692,14338.553606019635; 8342.452977140927,7635.757214463241; 13392.335374445227,6492.091877105584; 14333.010691932679,24711.85120246924; 8718.106225003916,18266.52559135419; 8726.231460630626,10403.596580282014; 9193.960109682203,14755.414733593347; 10664.28878468369,26680.51788873474; 8746.449351002213,19401.205898007534; 8930.544848481413,15398.318812635305; 11763.228593504979,16420.065091665918; 9042.439287349565,15756.034606866726; 13125.659320070898,13222.294192898664; 18887.115892653583,11733.740048331585; 11915.79748274567,18914.46654446253; 12591.476810832528,14562.660177203481; 15856.238387449119,21573.26867575617; 9959.023978880083,12443.039964800137; 8796.536216991573,16153.142941027061; 13366.544981306713,25726.089962613427; 17663.72941088154,23039.227441779134; 11425.516628691821,8174.543636811022; 21224.361776524504,16255.804026929854; 17930.650076814312,22088.039009549215; 15829.664009120572,14170.95846499955; 20544.520811204206,19392.11040486697; 8641.981967394724,17353.18098847632; 12788.006589200855,25876.99898627679; 16145.387587515874,11440.14241722917; 14922.681433412308,28867.299776577333; 13218.569049383983,25428.060708904446; 8601.605052709443,9141.792310517436; 11675.407344311905,28765.462220510875; 7350.532075246707,18958.59631545923
#100:
>0: 11341.0,11238.0
#101:
>0: 12419.0,19846.0
#102:
>0: 14527.0,20564.0
#103:
>0: 12561.0,19161.0
#104:
>0: 12841.0,21579.0