newpoint	0	1	0	0	11137.0	28826.0	298.0	11321	28824
newpoint	1	1	0	0	8645.0	21977.0	672.0	8581	21772
newpoint	2	1	1	0	10554.0	16113.0	298.0	10546	15908
newpoint	3	1	0	0	7212.0	18525.0	448.0	7239	18595
newpoint	4	1	1	0	9300.0	8163.0	298.0	9240	8243
point	4	2	1	1	9121.927847735156	8401.94328189498	298.0	9006	8558
point	3	2	0	1	7422.731011491966	18915.022189297135	447.99999999999994	7429	18924
point	2	2	1	1	10555.51835545479	15815.645814179765	298.0	10565	15736
point	1	2	0	1	8458.500629181055	21331.844953135304	672.0	8455	21316
point	0	2	0	1	11165.486422681346	28619.329832149586	672.0	11147	28595
newpoint	5	1	0	1	9160.0	19165.0	298.0	9213	19176
newpoint	6	1	0	1	16298.0	13600.0	298.00000000000006	16376	13632
newpoint	7	1	0	1	6787.0	12422.0	298.0	7026	12522
newpoint	8	1	2	1	11288.0	16071.0	198.0	11306	16146
newpoint	9	1	0	1	10025.0	19851.0	298.0	9972	19580
point	9	2	0	2	10020.660687656797	19572.03342724203	672.0	10198	19543
point	8	2	2	2	11455.150227424014	16107.724274069655	252.25	11657	16054
point	7	2	0	2	7064.922791430817	12522.0	298.0	7098	12522
point	6	2	0	2	16196.131411824286	14070.380288226357	672.0	15972	14104
point	5	2	0	2	9406.108558151303	19324.935952744225	298.0	9707	19557
point	4	3	1	2	8944.547028632007	8641.400461142277	298.0	8894	8710
point	3	3	0	2	7674.45831617	19285.610593951857	448.0	7744	19389
point	2	3	1	2	10718.66562854042	15748.279244613073	298.0	10720	15749
point	1	3	0	2	8433.551362885073	20664.924265214002	672.0	8471	20473
point	0	3	0	2	10770.415180520566	28075.842497201225	672.0	10746	28041
newpoint	10	1	0	2	14074.0	22120.0	298.0	13926	22058
newpoint	11	1	0	2	292.0	23757.0	672.0	413	22839
newpoint	12	1	0	2	15589.0	12450.0	298.00000000000006	15492	12165
newpoint	13	1	0	2	20678.0	19761.0	132.0	20571	19810
newpoint	14	1	3	2	14503.0	27374.0	126.12499999999999	14249	27504
point	14	2	3	3	14390.725788136002	27431.46317930047	126.12499999999999	14249	27504
point	13	2	0	3	20556.749828254095	19811.350016270666	132.0	20476	19819
point	12	2	0	3	15492.984261933576	12167.89190361927	298.00000000000006	15492	12165
point	11	2	0	3	379.8156192413607	23090.762492036618	672.0	413	22839
point	10	2	0	3	13802.299903053914	21997.8748532772	298.0	13675	21936
point	9	3	0	3	10374.144731221211	19338.589321588675	447.99999999999994	10381	19245
point	8	3	2	3	11676.608662117163	16092.687360393322	252.25	11694	16127
point	7	3	0	3	7195.685025946137	12692.119570046692	448.0	7181	12769
point	6	3	0	3	15528.709787488877	14061.100947176343	672.0	15104	14020
point	5	3	0	3	9642.079470134526	19506.929712796064	298.0	9707	19557
point	4	4	1	3	8883.712449634388	8904.57942407087	448.0	8486	9239
point	3	4	0	3	8034.439106932598	19565.884748531178	672.0	8055	19564
point	2	4	1	3	10982.664188325798	15803.558859988156	298.0	11113	15739
point	1	4	0	3	8731.122721819376	20077.824214908673	672.0	8802	19982
point	0	4	0	3	10640.04168802464	27424.551446343376	672.0	10618	27255
newpoint	15	1	1	3	20077.0	12394.0	298.0	20076	12345
newpoint	16	1	0	3	17248.0	13289.0	132.0	16929	13253
newpoint	17	1	0	3	6136.0	19581.0	298.0	6296	19560
newpoint	18	1	0	3	13125.0	15897.0	298.0	13099	15996
newpoint	19	1	1	3	9100.0	19997.0	298.0	9105	19987
point	19	2	1	4	9105.267125141127	19715.877473284567	504.5	9196	19712
point	18	2	0	4	13211.821855414475	16081.596280905738	298.0	13215	16178
point	17	2	0	4	6427.996543718382	19525.436561297312	298.0	6517	19490
point	16	2	0	4	17116.832613215734	13274.19741089582	132.0	16929	13253
point	15	2	1	4	19992.687926619717	12123.376322563416	298.0	19994	12089
point	14	3	3	4	14278.451576272004	27488.926358600944	126.12499999999999	14249	27504
point	13	3	0	4	20467.985427860018	19768.746466581728	132.0	20439	19587
point	12	3	0	4	15123.793690384997	12409.019789061564	448.00000000000006	15016	12494
point	11	3	0	4	450.0778227709532	22422.587528880063	672.0	478	22109
point	10	3	0	4	13692.564319264528	21780.53392623217	298.0	13699	21726
point	9	4	0	4	10450.771805480736	18898.015089523367	448.0	10472	18718
point	8	4	2	4	11773.941022930769	16311.764961782052	252.25	11763	16330
point	7	4	0	4	6920.477186015013	13028.444095839333	448.0	6890	13053
point	6	4	0	4	14908.765826566738	13871.478297510894	672.0	14452	13524
point	5	4	0	4	10017.822885638196	19572.498023147728	672.0	10198	19543
point	4	5	1	4	8540.821979991897	9192.90237811434	448.0	8486	9239
point	3	5	0	4	8694.069483858919	19680.969377402114	672.0	8843	19730
point	2	5	1	4	11249.321475480605	15670.528026014308	298.0	11332	15629
point	1	5	0	4	9071.639786786971	20096.358488769765	1009.0	9356	20552
point	0	5	0	4	10552.70791166954	26758.250733377714	672.0	10544	26692
newpoint	20	1	1	4	6909.0	21450.0	298.0	6844	21341
newpoint	21	1	1	4	20695.0	11013.0	132.0	20705	11052
newpoint	22	1	0	4	9742.0	8731.0	298.0	9609	8725
newpoint	23	1	0	4	13137.0	12346.0	298.0	13149	12349
newpoint	24	1	0	4	15609.0	8000.0	448.0	15417	8409
point	24	2	0	5	15418.625020769688	8405.538367214569	448.0	15417	8409
point	23	2	0	5	13427.620196103002	12408.964117584688	672.0	13220	12936
point	22	2	0	5	9537.419653334597	8833.084408245373	298.0	9454	8849
point	21	2	1	5	20757.954664784225	11126.91147701183	132.0	20869	11284
point	20	2	1	5	6833.537752956027	21218.25227879221	298.0	6736	21088
point	19	3	1	5	9605.170684581115	19677.077247910926	504.5	9687	19656
point	18	3	0	5	13050.782017332129	16369.941203248722	672.0	12876	16471
point	17	3	0	5	6600.00405919994	19369.781285043497	298.0	6722	19330
point	16	3	0	5	16985.665226431473	13259.394821791639	132.0	16929	13253
point	15	3	1	5	19876.47335316862	11854.481782617828	298.0	19839	11744
point	14	4	3	5	14208.120323415542	27420.44351914596	126.125	14075	27155
point	13	4	0	5	20447.19642519381	19638.39380121525	132.0	20439	19587
point	12	4	0	5	14865.73753724531	12433.072495483957	298.0	14795	12302
point	11	4	0	5	509.1335778149398	21753.187682114974	672.0	576	20989
point	10	4	0	5	13783.56965475322	21498.097555991302	298.0	13811	21424
point	9	5	0	5	10493.697996848305	18541.90362557849	298.0	10567	17947
point	8	5	2	5	11724.227290822475	16554.40271695779	252.25000000000003	11694	16656
point	7	5	0	5	7003.392123070797	13366.227396913277	298.0	7057	13452
point	6	5	0	5	14367.755048154791	13473.762184679463	672.0	14016	13264
point	5	5	0	5	10569.577078294971	19515.042265812062	448.0	10598	19493
point	4	6	1	5	8227.783665399	9506.424677592966	448.0	8102	9613
point	3	6	0	5	9252.563765025136	20386.26006793501	1009.0	9356	20552
point	2	6	1	5	11328.758842131045	15419.639870779209	504.5	11302	15368
point	1	6	0	5	9796.99041011944	20719.996346712167	1009.0	9944	20776
point	0	6	0	5	10465.512136471252	26091.93188645671	672.0	10465	26088
newpoint	25	1	0	5	10623.0	25720.0	672.0	10678	25585
newpoint	26	1	0	5	12000.0	7271.0	198.0	12003	7300
newpoint	27	1	1	5	9622.0	5453.0	298.0	9808	5552
newpoint	28	1	0	5	5627.0	21958.0	132.0	5735	21994
newpoint	29	1	0	5	12463.0	18091.0	448.0	12389	18091
point	29	2	0	6	12052.689485162762	18042.88749695667	448.0	12002	17946
point	28	2	0	6	5771.665316597694	21975.66734170115	298.0	5787	21968
point	27	2	1	6	9832.52078805682	5635.779359194131	298.0	9940	6003
point	26	2	0	6	12088.013424462517	7405.1196671040825	198.0	12115	7715
point	25	2	0	6	10887.689521716271	25102.360596005234	672.0	10893	25090
point	24	3	0	6	15299.813980880459	8836.944299005778	448.0	15223	8986
point	23	3	0	6	13117.446801003996	12911.054627271242	672.0	13072	12900
point	22	3	0	6	9241.951682688223	8860.952699841922	298.0	9128	8855
point	21	3	1	6	20834.14979272755	11234.699706785312	132.0	20869	11284
point	20	3	1	6	6608.688780650789	21126.556991317786	298.0	6515	20952
point	19	4	1	6	10095.391085036154	19559.798804662223	504.5	10198	19543
point	18	4	0	6	12464.884235080051	16662.456890836464	672.0	12299	16664
point	17	4	0	6	6885.438521726194	19286.095442530983	298.0	7002	19235
point	16	4	0	6	16961.129023975172	13086.815393231858	298.0	17016	12803
point	15	4	1	6	19541.15159661803	11680.69172025588	504.5	19502	11676
point	14	5	3	6	14151.580123698977	27307.70168378299	126.125	14075	27155
point	13	5	0	6	20459.723833354754	19513.757350838863	132.0	20473	19490
point	12	5	0	6	14722.978327395209	12171.496870699579	298.0	14579	11911
point	11	5	0	6	567.7097684037113	21083.745503957587	672.0	576	20989
point	10	5	0	6	13781.373233371889	21259.726365081526	298.0	13543	21152
point	9	6	0	6	10530.140941893671	18246.14035578925	298.0	10567	17947
point	8	6	2	6	11792.795130270768	16756.730223055252	252.25	11799	16757
point	7	6	0	6	7161.18311860976	13619.023729834695	298.0	7183	13654
point	6	6	0	6	13773.344155150648	13164.011159408808	672.0	13220	12936
point	5	6	0	6	10956.511784599777	19352.61834198948	448.00000000000006	11060	19328
point	4	7	1	6	8314.945827337287	9849.90742709676	504.5	8623	10218
point	3	7	0	6	10128.401577509689	20774.243794499907	1009.0	10364	20772
point	2	7	1	6	11170.430243889063	14942.247311405637	504.49999999999994	11090	14578
point	1	7	0	6	10776.335707003684	20899.726885671174	1009.0	11552	21140
point	0	7	0	6	10353.273810473805	25834.58371947446	298.0	10332	25827
newpoint	30	1	2	6	6268.0	19819.0	252.24999999999997	6398	19803
newpoint	31	1	3	6	14307.0	25828.0	126.125	14420	25763
newpoint	32	1	0	6	10577.0	4322.0	298.0	10565	4344
newpoint	33	1	0	6	16226.0	12077.0	298.0	16250	12244
newpoint	34	1	1	6	10068.0	15943.0	448.0	10090	16000
point	34	2	1	7	10211.455149873034	16366.439222159226	448.00000000000006	10262	16543
point	33	2	0	7	16266.928270533135	12372.171191179446	297.99999999999994	16271	12403
point	32	2	0	7	10367.505731443203	4457.028930141884	298.0	10378	4510
point	31	2	3	7	14416.328103814196	25765.11215267325	126.125	14420	25763
point	30	2	2	7	6519.248296967477	19800.75466116727	252.25000000000003	6560	19800
point	29	3	0	7	11842.932041416429	17647.02889712003	448.0	11836	17634
point	28	3	0	7	5925.525510704898	21752.09205480784	298.0	5909	21571
point	27	3	1	7	9916.22861653149	5921.7811064825955	298.0	9940	6003
point	26	3	0	7	12105.191649539876	7602.373079199265	198.0	12115	7715
point	25	3	0	7	11149.34779621543	24483.394818856556	672.0	11196	24373
point	24	4	0	7	15094.449557072077	9235.100885855843	448.00000000000006	15084	9256
point	23	4	0	7	12481.920005345635	12693.322235374868	672.0	12284	12624
point	22	4	0	7	8942.73937316365	8854.946032458094	448.0	8486	9239
point	21	4	1	7	20799.68583600173	11302.049594383443	132.0	20124	11478
point	20	4	1	7	6672.938172296284	20892.323698811266	504.49999999999994	6725	20869
point	19	5	1	7	10373.551422154738	19346.68928014836	447.99999999999994	10381	19245
point	18	5	0	7	11910.141688281245	16811.76379465332	448.0	11892	16818
point	17	5	0	7	7137.10893956918	19132.33288996313	298.0	7183	19083
point	16	5	0	7	17015.487680330232	12794.085637746011	298.0	17011	12716
point	15	5	1	7	19040.623438198385	11711.589886503185	504.5	18982	11720
point	14	6	3	7	14095.039923982413	27194.95984842002	126.125	14075	27155
point	13	6	0	7	20534.816929197033	19405.391980745473	132.0	20671	19219
point	12	6	0	7	14578.823085151373	11910.68417423319	298.0	14444	11670
point	11	6	0	7	1146.790650214879	21059.879531138107	672.0	1821	21195
point	10	6	0	7	13509.094053468249	21138.717258059725	298.0	13058	20962
point	9	7	0	7	10566.583886939037	17950.37708600002	298.0	10567	17947
point	8	7	2	7	11778.613817679798	16996.069684568123	252.24999999999997	11773	17015
point	7	7	0	7	7322.38229001669	13869.653182525997	298.0	7399	13989
point	6	7	0	7	13246.94671954719	12867.59678884175	672.0	13428	12408
point	5	7	0	7	11325.773714446756	19118.42542010581	448.0	11352	19095
point	4	8	1	7	8634.953643272782	10239.398497216709	504.50000000000006	8704	10363
point	3	8	0	7	11102.759204686126	21000.84123512163	1009.0	11552	21140
point	2	8	1	7	11072.74889000635	14447.658280047983	504.5	11072	14442
point	1	8	0	7	11709.422920789848	21258.39244456096	1009.0	12036	21504
disappearpoint	0	7	0	7	10278.0	25807.0	0.0	10278	25807
newpoint	35	1	4	7	17262.0	14729.0	63.06249999999999	17227	14714
newpoint	36	1	1	7	7813.0	17106.0	298.0	7877	17012
newpoint	37	1	0	7	15871.0	28983.0	198.0	15887	28988
newpoint	38	1	0	7	2640.0	18288.0	298.0	2531	18109
newpoint	39	1	4	7	16132.0	9350.0	63.06249999999999	16090	9159
point	39	2	4	8	16118.456430479875	9288.409005277528	63.06249999999999	16090	9159
point	38	2	0	8	2649.863451094945	17990.264311093266	672.0	3076	17817
point	37	2	0	8	16054.126312332308	28917.888473850835	198.0	16092	28902
point	36	2	1	8	7980.955521315315	16865.311350792796	298.0	7982	16858
point	35	2	4	8	17211.76720921809	14694.197371983519	63.06250000000001	17207	14688
point	33	3	0	8	16230.347527185324	12666.78937915301	298.0	16226	12695
point	32	3	0	8	10516.936472913469	4694.735487677075	298.0	10513	4699
point	31	3	3	8	14525.8863674788	25702.626193981385	126.125	14534	25698
point	30	3	2	8	6537.240322651758	19589.9167342532	252.24999999999997	6522	19508
point	29	4	0	8	11722.92668049641	17230.466390071804	448.00000000000006	11723	17229
point	28	4	0	8	5948.104691833008	21465.283473438045	298.0	6040	21363
point	27	4	1	8	9936.484533453471	6216.344876042423	298.0	9924	6974
point	26	4	0	8	12199.838662959928	7710.715219042428	198.0	12313	7705
point	25	4	0	8	11416.508134803187	23866.793734488103	672.0	11455	23778
point	24	5	0	8	14917.718900548949	9646.723300952242	448.0	14861	9780
point	23	5	0	8	11661.692280863022	12925.151375149799	1008.9999999999999	11396	13028
point	22	5	0	8	8599.848903521159	9143.268986501564	448.0	8486	9239
point	21	5	1	8	20671.945801471837	11335.313442301293	132.0	20124	11478
point	20	5	1	8	7037.593757568691	20549.61717984904	504.49999999999994	7057	20530
point	19	6	1	8	10449.820653298513	18906.080860028604	448.0	10472	18718
point	18	6	0	8	11728.957806557823	17194.44472196463	448.0	11723	17229
point	17	6	0	8	7380.578032677389	18964.35163943551	298.0	7429	18924
point	16	6	0	8	16986.97464824406	12499.771019327998	298.0	16989	12461
point	15	6	1	8	18540.541145519455	11773.0	504.5	18510	11773
point	14	7	3	8	14039.702872862308	27081.627925700664	126.125	13996	26992
point	13	7	0	8	20612.689257847484	19298.809147087533	132.0	20671	19219
point	12	7	0	8	14421.964026461346	11671.991197820831	298.0	14264	11685
point	11	7	0	8	1805.6884523076558	21191.93136337571	672.0	1821	21195
point	10	7	0	8	13231.625930115959	21030.018405612438	298.0	13058	20962
point	9	8	0	8	10855.4272902676	17701.899068129	448.0	10979	17478
point	8	8	2	8	11958.065975091495	17108.886771217454	252.25	12041	17137
point	7	8	0	8	7483.309073131464	14120.464995391436	298.0	7576	14265
point	6	8	0	8	13495.406802959318	12243.227814988335	672.0	13536	12144
point	5	8	0	8	11549.258229898967	18740.10625573943	448.00000000000006	11558	18719
point	4	9	1	8	8889.394725506207	10674.865542651154	504.50000000000006	8892	10679
point	3	9	0	8	11982.53234015172	21463.788784742203	1009.0	12036	21504
point	2	9	1	8	11003.655238032377	13947.914285242827	504.50000000000006	11003	13943
point	1	9	0	8	12265.484968534034	21881.433340312207	672.0	12191	22043
point	34	3	1	8	10325.940157958681	16833.73498524559	504.5	10347	16927
newpoint	40	1	2	8	7057.0	21641.0	252.25000000000003	7120	21594
newpoint	41	1	0	8	13647.0	15674.0	298.0	13260	15620
newpoint	42	1	1	8	10233.0	4863.0	298.0	10358	5033
newpoint	43	1	2	8	10318.0	13043.0	252.25000000000003	10277	12973
newpoint	44	1	0	8	19033.0	16395.0	132.0	19125	16361
point	44	2	0	9	19158.399446650616	16355.089423766885	132.0	19481	16298
point	43	2	2	9	10413.826575699202	12873.71267984548	252.25000000000003	10432	12814
point	42	2	1	9	10427.317234713648	5085.559221925732	298.0	10449	5102
point	41	2	0	9	13351.859341181083	15632.817582490385	298.0	13260	15620
point	40	2	2	9	7258.3994205585	21492.067294394958	252.25	7276	21473
point	39	3	4	9	16104.91286095975	9226.818010555056	63.06249999999999	16090	9159
point	38	3	0	9	3286.3788128245665	17843.006297160326	672.0	3308	17846
point	37	3	0	9	16188.221977080915	29117.60050474801	298.0	16210	29174
point	36	3	1	9	8236.880547813706	16934.783980552464	504.5	8259	16953
point	35	3	4	9	17188.43881153031	14635.967815929236	63.0625	17146	14517
point	33	4	0	9	16303.999804197929	12951.058336903676	298.0	16308	12961
point	32	4	0	9	10752.393389350076	4791.684686111737	298.0	10828	4765
point	31	4	3	9	14641.638581388866	25665.62579890523	126.125	14682	25668
point	30	4	2	9	6550.608552798556	19385.888515391776	252.25	6722	19330
point	29	5	0	9	11668.908548958507	16815.143436304443	448.0	11662	16798
point	28	5	0	9	6164.921013386833	21262.23038253462	298.0	6190	21242
point	27	5	1	9	9931.5747983056	6514.304427828865	298.0	9924	6974
point	26	5	0	9	12315.671727336397	7832.441393946175	298.0	12323	8182
point	25	5	0	9	11677.69629815823	23247.636476966294	672.0	11906	22694
point	24	6	0	9	14730.76694834237	10044.520938999405	448.0	14663	10196
point	23	6	0	9	10704.34675214425	13242.31509088488	1009.0	10544	13292
point	22	6	0	9	8286.623795935506	9456.569985709817	448.0	8102	9613
point	21	6	1	9	20544.205766941945	11368.577290219144	132.0	20124	11478
point	20	6	1	9	7421.633737618983	20227.114980669747	504.5	7465	20158
point	19	7	1	9	10493.037333519558	18547.26543006758	298.0	10567	17947
point	18	7	0	9	11825.053604915794	17615.176292565477	448.0	11836	17634
point	17	7	0	9	7627.658174863382	19216.086524427843	448.0	7631	19221
point	16	7	0	9	17302.937004776275	11971.607001072263	672.0	17342	11908
point	15	7	1	9	18052.666434658116	11650.622527694613	504.50000000000006	17905	11608
point	14	8	3	9	13984.189144862614	26968.378289725228	126.125	13911	26822
point	13	8	0	9	20526.882415107444	19131.10295768562	672.0	19984	18800
point	12	8	0	9	14128.29424564296	11717.0	298.0	13975	11717
point	11	8	0	9	2464.4074894800356	21324.8719911482	672.0	3010	21435
point	10	8	0	9	13027.669660640146	21069.32273927333	298.0	13019	21100
point	9	9	0	9	11068.165785667077	17307.66260255324	448.00000000000006	11124	17201
point	8	9	2	9	12170.880555949996	17238.23394209571	252.25	12245	17294
point	7	9	0	9	7644.386906757696	14371.179671018528	298.0	7652	14383
point	6	9	0	9	13793.282989759531	11641.48224497882	672.0	13861	11491
point	5	9	0	9	11928.338098260088	18920.82997560227	448.0	11974	18944
point	4	10	1	9	9154.359521540144	11104.129042554281	504.5	9463	11616
point	3	10	0	9	12171.134711396931	22088.537353874726	672.0	11931	22639
point	2	10	1	9	10800.462988190311	13515.237821180091	504.5	10701	13426
point	1	10	0	9	11993.437674085308	22495.87363940445	672.0	11931	22639
point	34	4	1	9	10306.439722823781	17333.86932293876	504.5	10289	17501
newpoint	45	1	0	9	11619.0	17001.0	298.0	11764	17040
newpoint	46	1	4	9	12087.0	13768.0	63.0625	11978	13489
newpoint	47	1	2	9	8836.0	16947.0	252.25000000000003	8846	16911
newpoint	48	1	0	9	14434.0	11671.0	298.0	14264	11685
newpoint	49	1	0	9	11063.0	5444.0	298.0	10916	5286
point	49	2	0	10	10880.681112838189	5250.001494431537	298.0	10610	5222
point	48	2	0	10	14140.110961530445	11714.807888955082	298.0	14131	11717
point	47	2	2	10	8934.510051533722	16731.906765468895	252.25	9003	16705
point	46	2	4	10	12064.051822069156	13709.261085846738	63.0625	11978	13489
point	45	2	0	10	11721.587572084281	17257.24855831438	448.00000000000006	11717	17349
point	44	3	0	10	19288.379834480107	16332.087276482453	132.0	19481	16298
point	43	3	2	10	10411.640496075352	12625.261896049884	252.25000000000003	10395	12471
point	42	3	1	10	10679.61653796277	5229.201710823735	298.0	10929	5255
point	41	3	0	10	13158.223689830553	15792.8991051976	298.0	13125	15897
point	40	3	2	10	7294.147737457049	21263.788088041245	252.25	7264	21205
point	39	4	4	10	16091.369291439625	9165.227015832585	63.06249999999999	16090	9159
point	38	4	0	10	3951.5862054380814	17937.852216605526	672.0	4116	17954
point	37	4	0	10	16230.15621227346	29396.10801772041	672.0	15728	29626
point	36	4	1	10	8627.534477629764	17254.016710735763	504.5	8652	17274
point	35	4	4	10	17167.25060287605	14576.571362160736	63.0625	17146	14517
point	33	5	0	10	16453.3555127027	13196.17775635135	298.0	16469	13204
point	32	5	0	10	11032.757390375404	4690.708363263993	298.0	11141	4654
point	31	5	3	10	14682.0	25582.30618775329	126.125	14682	25198
point	30	5	2	10	6792.124384780122	19313.77719456579	252.24999999999997	6856	19299
point	29	6	0	10	11750.745156791521	16261.745156791521	672.0	11742	16253
point	28	6	0	10	6391.307241164559	21068.715218593443	298.0	6515	20952
point	27	6	1	10	9926.665063157729	6812.263979615307	298.0	9924	6974
point	26	6	0	10	12321.917734368271	8130.375929366554	298.0	12323	8182
point	25	6	0	10	11936.08712790228	22627.33873757785	672.0	12191	22043
point	24	7	0	10	14548.50530724051	10453.769472223552	448.0	14480	10608
point	23	7	0	10	10203.52676363616	12850.544606060266	672.0	9989	12493
point	22	7	0	10	8308.642654556032	9842.375793727044	672.0	8623	10218
point	21	7	1	10	20416.465732412053	11401.841138136995	132.0	20124	11478
point	20	7	1	10	7711.965621371634	19814.713459490555	504.50000000000006	7778	19721
point	19	8	1	10	10529.480278564924	18251.502160278345	298.0	10567	17947
point	18	8	0	10	12035.753781647532	18010.516721883258	448.0	12081	18097
point	17	8	0	10	7910.0461745858875	19568.22681881617	672.0	7935	19575
point	16	8	0	10	17751.207203961385	11568.978575006911	448.0	17715	11487
point	15	8	1	10	17576.46231352841	11693.362673611482	504.5	17521	11745
point	14	9	3	10	13927.784330130182	26855.568660260364	126.125	13911	26822
point	13	9	0	10	19983.68925808389	18854.224464361174	1008.9999999999999	19976	20196
point	12	9	0	10	13838.62528216313	11668.608971090143	298.0	13789	11651
point	11	9	0	10	3119.26069786325	21407.219411921582	672.0	3763	21355
point	10	9	0	10	12962.011872169756	21357.976255660487	298.0	12907	21468
point	9	10	0	10	11281.693294946592	16913.84245673306	448.0	11286	16906
disappearpoint	8	9	2	10	12219.0	17385.0	0.0	12219	17385
point	7	10	0	10	7860.21332566158	14573.497186594135	298.0	8370	14998
point	6	10	0	10	13858.0	10984.029095126014	672.0	13858	10979
point	5	10	0	10	12257.411023298791	18800.391022799315	448.0	12292	18433
point	4	11	1	10	9414.8640513733	11536.167975911456	504.5	9463	11616
point	3	11	0	10	11901.797509862701	22704.19103858295	672.0	11666	23276
point	2	11	1	10	10433.46773044239	13170.218871151128	504.5	10318	13043
point	1	11	0	10	11732.375979184699	23115.038250477108	672.0	11666	23276
point	34	5	1	10	10256.313819717097	17835.87016580741	504.5	10254	17860
newpoint	50	1	1	10	7951.0	20523.0	198.0	7902	20490
newpoint	51	1	1	10	16254.0	28515.0	198.0	16195	28385
newpoint	52	1	1	10	15645.0	13226.0	298.0	15454	13181
newpoint	53	1	2	10	11069.0	23712.0	252.25	11159	23760
newpoint	54	1	0	10	5264.0	18505.0	298.0	5330	18465
point	54	2	0	11	5491.909383272036	18334.93780218558	298.0	5502	18280
point	53	2	2	11	11210.464940752556	23618.83901965013	252.25	11229	23568
point	52	2	1	11	15476.9381110733	13081.848165037993	298.0	15485	13047
point	51	2	1	11	16144.707389445246	28407.8421045294	198.0	15895	28515
point	50	2	1	11	7708.465467608208	20565.57155589569	298.0	7681	20575
point	48	3	0	11	13850.006716846125	11672.647544687336	298.0	13789	11651
point	47	3	2	11	9048.432286344589	16877.510032512557	252.25	9056	16913
point	46	3	4	11	12041.103644138311	13650.522171693476	63.0625	11978	13489
point	45	3	0	11	11855.527523468738	17670.702333266545	448.0	12002	17946
point	44	4	0	11	19418.3602223096	16309.08512919802	132.0	19481	16298
point	43	4	2	11	10372.381956817766	12378.389876667885	252.25	10308	12270
point	42	4	1	11	10939.427497647643	5208.878375789274	298.0	10981	5025
point	41	4	0	11	13013.556208506176	16008.606461040072	298.0	12977	16014
point	40	4	2	11	7434.730146609154	21130.736214255212	252.25	7487	21108
point	39	5	4	11	16050.507259512238	9118.334207814583	63.0625	15686	8743
point	38	5	0	11	4602.53640578362	17815.338038099668	672.0	4634	17805
point	37	5	0	11	15619.62857075582	29676.881707632936	672.0	15564	29703
point	36	5	1	11	9040.356515241114	17543.85846625122	504.5	9042	17545
point	35	5	4	11	17146.062394221794	14517.174908392237	63.0625	17146	14517
point	33	6	0	11	16376.483655894406	13630.935957032309	672.0	16376	13632
point	32	6	0	11	11297.754355540945	4566.0940520847935	298.0	11589	4498
point	31	6	3	11	14682.0	25456.18118775329	126.125	14682	25198
point	30	6	2	11	7024.833117331782	19220.07934907032	252.25	7103	19169
point	29	7	0	11	11453.908017019987	15660.343913620869	672.0	11446	15645
point	28	7	0	11	6771.883096306342	20827.91144368658	672.0	6814	20791
point	27	7	1	11	10045.858570678987	7034.929285339494	298.0	10214	7119
point	26	7	0	11	12691.84510233588	8215.613962528147	448.0	12729	8219
point	25	7	0	11	12205.435471216495	22011.68776464069	672.0	12327	21748
point	24	8	0	11	14249.989868805707	10958.05525942717	672.0	14229	10990
point	23	8	0	11	9857.785615988862	12274.309359981437	672.0	9659	11943
point	22	8	0	11	8711.7327816028	10377.120731622505	672.0	8727	10405
point	21	8	1	11	20288.72569788216	11435.104986054846	132.0	20124	11478
point	20	8	1	11	8107.537581302697	19570.567197662836	504.5	8175	19579
point	19	9	1	11	10565.92322361029	17955.73889048911	298.0	10567	17947
point	18	9	0	11	12202.828914732143	18311.699540831047	448.0	12201	18320
point	17	9	0	11	8573.949332890006	19644.255493919336	672.0	8600	19650
disappearpoint	16	8	0	11	17579.0	11210.0	0.0	17579	11210
point	15	9	1	11	17246.660830909226	12063.242540820374	504.5	17229	12092
point	14	10	3	11	13870.593048287605	26743.157167390447	126.125	13870	26742
point	13	10	0	11	19977.90711807014	19863.207896760767	1008.9999999999999	19976	20196
point	12	10	0	11	13440.739168743055	11545.836323895834	448.0	13215	11506
point	11	10	0	11	3789.0337837681145	21352.578252672734	672.0	3806	21351
point	10	10	0	11	12816.82311911936	21617.943221919195	298.0	12775	21687
point	9	11	0	11	11656.556715367884	16803.443284632118	448.0	11662	16798
point	49	3	0	11	10589.254193620049	5206.537287170222	298.0	10449	5102
point	7	11	0	11	8089.21381723072	14764.187445551146	298.0	8370	14998
point	6	11	0	11	13875.21469991672	10312.668098972319	672.0	13932	9948
point	5	11	0	11	12302.998950267298	18354.785242543654	448.0	12319	18241
point	4	12	1	11	9674.453865682377	11968.756442803962	504.5	9935	12403
point	3	12	0	11	11645.310933818768	23325.31696008317	672.0	11494	23686
point	2	12	1	11	10147.56817910146	12757.280298502432	504.5	9989	12493
point	1	12	0	11	11473.207991709027	23735.04781442999	672.0	11455	23778
point	34	6	1	11	9776.206864151969	17811.391294903064	504.5	9567	17790
newpoint	55	1	2	11	17269.0	25176.0	132.0	17719	24776
newpoint	56	1	2	11	7982.0	16823.0	252.25	7992	16784
newpoint	57	1	0	11	21063.0	10755.0	132.0	21034	10773
newpoint	58	1	1	11	12749.0	14406.0	448.0	12855	14415
newpoint	59	1	0	11	12321.0	27037.0	298.0	12298	27041
point	59	2	0	12	12082.189939544096	27126.02508267253	298.0	12090	27223
point	58	2	1	12	13140.779092920473	14228.369114153284	448.0	13183	14204
point	57	2	0	12	20949.473089612868	10822.32877445085	132.0	20705	10965
point	56	2	2	12	8140.19145525826	16855.276993311774	252.24999999999997	8174	16883
point	55	2	2	12	17367.658030066243	25088.30397327445	132.0	17719	24776
point	53	3	2	12	11410.197101804846	23648.15352984735	252.25	11494	23686
point	52	3	1	12	15443.04254540656	12792.429163539024	298.0	15431	12768
point	51	3	1	12	15962.753746775072	28485.92457323432	198.0	15895	28515
point	50	3	1	12	7668.743404660655	20803.976912720253	298.0	7613	20816
point	48	4	0	12	13458.618508867006	11548.991501564766	448.0	13215	11506
point	47	4	2	12	9121.934217921387	17104.43785758089	252.25	9193	17113
point	46	4	4	12	12018.155466207467	13591.783257540214	63.0625	11978	13489
point	45	4	0	12	12065.120361763227	18066.64778007908	448.0	12081	18097
point	44	5	0	12	19547.97359630885	16284.168496414477	132.0	19573	16279
point	43	5	2	12	10391.130035288348	12175.13357470816	252.25	10607	11911
point	42	5	1	12	11086.743516787257	5044.695711775419	298.0	11255	4992
point	41	5	0	12	13097.623911676355	16245.508004397478	298.0	13138	16323
point	40	5	2	12	7650.856026088089	21004.846712009436	252.25	7710	20958
point	39	6	4	12	16006.572607058964	9073.094565684478	63.0625	15686	8743
point	38	6	0	12	5270.938705656214	17817.264483509058	672.0	5368	17826
point	37	6	0	12	15296.019070116403	29623.970919654803	298.0	15169	29365
point	36	6	1	12	9475.657445294175	17775.459539686923	504.5	9497	17782
point	35	6	4	12	17103.009824279572	14499.633485611197	63.0625	17081	14335
point	33	7	0	12	16185.603810676696	13777.162576386552	298.0	16134	13806
point	32	7	0	12	11587.928861073935	4498.250435298207	298.0	11589	4498
point	31	7	3	12	14682.0	25330.05618775329	126.125	14682	25198
point	30	7	2	12	7218.1896954025015	19061.158120095	252.25	7299	19011
point	29	8	0	12	11196.86790892712	15042.583360662138	672.0	11177	14972
point	28	8	0	12	7267.425522470592	20378.640965415438	672.0	7363	20298
point	27	8	1	12	10210.88034253784	7228.967925541147	298.0	10210	7260
point	26	8	0	12	13139.359335820622	8229.922034903588	448.0	13305	8242
point	25	8	0	12	11881.538794732121	21387.834961327462	1009.0	11552	21140
point	24	9	0	12	13856.127228724961	11501.8283806112	672.0	13789	11651
point	23	9	0	12	9512.328374325152	11697.903993938082	672.0	9507	11689
point	22	9	0	12	9062.025932140794	10950.407081118994	672.0	9097	11009
point	21	9	1	12	20160.98566335227	11468.368833972698	132.0	20124	11478
point	20	9	1	12	8604.872483521833	19651.604109801425	504.5	8843	19730
point	19	10	1	12	10832.292982076857	17743.815685939953	448.0	10979	17478
point	18	10	0	12	12191.96319978533	18750.97255548095	448.0	12185	18804
point	17	10	0	12	8678.22467072672	19168.87320301532	1009.0	8584	18848
point	54	3	0	12	5564.931506319811	18048.14726914317	298.0	5565	18047
point	15	10	1	12	16961.41442623963	12461.0	504.5	16911	12461
point	14	11	3	12	13814.559367210268	26630.1628614414	126.125	13812	26625
point	13	11	0	12	19922.52356273355	20870.084564490244	1009.0	19824	22112
point	12	11	0	12	12998.800587279124	11474.072780661738	448.0	12800	11456
point	11	11	0	12	4457.452307503803	21284.0608547218	672.0	4818	21244
point	10	11	0	12	12698.818575793392	21890.471905159422	298.0	12696	21898
point	9	12	0	12	12106.487990963467	16776.68995650919	672.0	12299	16664
point	49	4	0	12	10529.67133371058	5009.052593768246	298.0	10541	4996
point	7	12	0	12	8318.214308799863	14954.877704508155	298.0	8370	14998
point	6	12	0	12	13978.713712001763	9648.686215692402	672.0	13986	9602
point	5	12	0	12	12385.330771210049	18091.429149566076	448.0	12389	18091
point	4	13	1	12	9934.016974295564	12401.36162382594	504.5	9935	12403
point	3	13	0	12	11383.034287913038	23944.011813109697	672.0	11279	24184
point	2	13	1	12	9888.00507048827	12324.675117480452	504.5	9659	11943
point	1	13	0	12	11205.415663001046	24351.378847923523	672.0	11196	24373
point	34	7	1	12	9289.277829883858	17701.337535171606	504.5	9231	17662
newpoint	60	1	3	12	11718.0	19242.0	126.12500000000001	11864	19120
newpoint	61	1	1	12	13940.0	20262.0	298.0	14027	20325
newpoint	62	1	0	12	14417.0	15953.0	672.0	14395	15968
newpoint	63	1	2	12	19940.0	15948.0	132.0	19922	15802
newpoint	64	1	0	12	11513.0	15775.0	672.0	11657	16054
point	64	2	0	13	11768.3224760205	16370.581661515156	672.0	11762	16432
point	63	2	2	13	19923.848316043226	15816.991896795043	132.0	19922	15802
point	62	2	0	13	13772.677208649535	16109.426081713278	672.0	13749	16113
point	61	2	1	13	14188.965838814782	20265.32640525834	298.0	14032	20132
point	60	2	3	13	11814.783149283085	19161.126409503177	126.12500000000001	11864	19120
point	59	3	0	13	12106.069619536382	27423.06676322795	298.0	12110	27472
point	58	3	1	13	13512.890489606069	13980.168900289516	448.00000000000006	13537	13965
point	57	3	0	13	20835.46684494124	10888.861294137638	132.0	20705	10965
point	56	3	2	13	8335.220650803654	17015.256562106802	252.25	8652	17274
point	55	3	2	13	17466.316060132485	25000.607946548902	132.0	17719	24776
point	53	4	2	13	11556.01106057323	23538.182937005673	252.25	11666	23276
point	52	4	1	13	15427.008595852127	12555.943745328777	298.0	15589	12450
point	51	4	1	13	15808.927143867997	28348.947941267466	298.0	15782	28297
point	50	4	1	13	7394.829042251419	20917.807016731305	298.0	7096	21073
point	48	5	0	13	13180.615639133996	11634.940203311196	298.0	13167	11687
point	47	5	2	13	9180.345917333778	17254.588156374535	252.25	9128	17254
point	46	5	4	13	11995.207288276622	13533.044343386951	63.0625	11978	13489
point	45	5	0	13	12303.910704437189	18348.301657335545	448.0	12292	18433
point	44	6	0	13	19660.161287528084	16217.897241732888	132.0	19670	16211
point	43	6	2	13	10550.758236713307	11979.816141257295	252.25	10607	11911
point	42	6	1	13	11370.71938722883	4954.367678949974	298.0	11378	4952
point	41	6	0	13	12739.785580958333	16561.832571163217	672.0	12608	16620
point	40	6	2	13	7848.9682589250115	20848.701993090315	252.25	8001	20731
point	39	7	4	13	15962.637954605689	9027.854923554372	63.0625	15686	8743
point	38	7	0	13	5937.668511998968	17818.859257491247	672.0	5964	17826
point	37	7	0	13	15164.726303051291	29356.452606102583	298.0	15153	29333
point	36	7	1	13	9976.586565301966	17831.880016902043	504.5	10056	17840
point	35	7	4	13	17094.653355514605	14437.127099249241	63.0625	17081	14335
point	33	8	0	13	15920.629625938513	13913.4209469413	298.0	15844	13952
point	32	8	0	13	11875.785438143681	4500.157928547236	298.0	12141	4446
point	31	8	3	13	14682.0	25203.93118775329	126.125	14682	25198
point	30	8	2	13	7429.0103548354355	18923.991543551063	252.24999999999997	7489	18875
point	29	9	0	13	11063.952693674082	14384.564323477767	672.0	11021	14078
point	28	9	0	13	7683.10066911057	19855.677493537692	672.0	7778	19721
point	27	9	1	13	10201.490940457983	7526.8197956389395	298.0	10196	7699
point	26	9	0	13	13586.560612882538	8256.09296055665	448.0	13673	8261
point	25	9	0	13	10982.050565576412	20963.450006845218	1009.0	10364	20772
point	24	10	0	13	13557.491251874482	12103.405413125978	672.0	13536	12144
point	23	10	0	13	9461.30219046599	11891.37685202388	298.0	9496	11949
point	22	10	0	13	9408.760047870124	11526.044669555096	672.0	9463	11616
point	21	10	1	13	20035.871662394875	11452.017284319232	132.0	19902	11381
point	20	10	1	13	9096.426036538165	19716.25529758384	504.5	9196	19712
point	19	11	1	13	11045.962006515227	17350.07947720884	448.00000000000006	11124	17201
point	18	11	0	13	12107.828363866194	19105.93255989138	672.0	12167	19222
point	17	11	0	13	8551.74330111995	18174.193401172302	1009.0	8548	18096
point	54	4	0	13	5696.116961571716	17794.82267189119	672.0	5708	17794
point	15	11	1	13	16762.827190048374	12862.785543313283	504.50000000000006	16749	12886
point	14	12	3	13	13759.18065182989	26516.846096604066	126.125	13707	26410
point	13	12	0	13	19842.728337774657	21875.924373840502	1009.0	19824	22112
point	12	12	0	13	12564.734663466676	11490.3284316002	298.0	12557	11325
point	11	12	0	13	5127.057643575817	21233.57167460327	672.0	5470	21222
point	10	12	0	13	13677.53662937399	21876.025299342375	1009.0	14036	21868
point	9	13	0	13	12727.81334741352	16567.116867348515	672.0	12753	16556
point	49	5	0	13	10602.603053310364	4776.861963566248	298.0	10513	4699
point	7	13	0	13	8331.654037388746	15225.400475950466	298.0	8327	15253
point	6	13	0	13	14137.20530224735	9333.256680461593	298.0	14174	9354
point	5	13	0	13	12796.567959486838	17947.562624299953	448.0	12870	17915
point	4	14	1	13	9924.39693324726	12668.761515644235	298.0	9919	12953
point	3	14	0	13	11116.586922309098	24560.91807493194	672.0	10893	25090
point	2	14	1	13	9628.500997487916	11892.034561591649	504.49999999999994	9507	11689
point	1	14	0	13	10943.59516328234	24970.27481163882	672.0	10893	25090
point	34	8	1	13	8874.923121337495	17428.951527628506	504.5	8839	17404
newpoint	65	1	0	13	9665.0	21204.0	298.0	9710	21216
newpoint	66	1	0	13	16678.0	28796.0	298.0	16734	28920
newpoint	67	1	4	13	12752.0	25710.0	63.0625	12752	25758
newpoint	68	1	0	13	8562.0	6777.0	447.99999999999994	8613	6813
newpoint	69	1	0	13	7618.0	12339.0	298.0	7422	12174
point	69	2	0	14	7463.3042914600655	12126.651178082364	448.0	7545	12033
point	68	2	0	14	8800.687865883572	7028.898599199684	298.0	8734	7117
point	67	2	4	14	12737.076397858702	25760.04083448086	63.0625	12635	25774
point	66	2	0	14	16796.094980459045	29069.499323705	298.0	16818	29127
point	65	2	0	14	9824.001304904428	21343.591829224595	298.0	10074	21316
point	64	3	0	14	11704.243324439454	16893.408013728073	448.0	11711	16906
point	63	3	2	14	19816.606106179057	15776.62141593049	132.0	19812	15777
point	62	3	0	14	13141.046228524745	16321.440906660564	672.0	13138	16323
point	61	3	1	14	13955.541282714155	20080.73790545608	298.0	13944	20073
point	60	3	3	14	11919.162907364649	19091.725544968875	126.12499999999999	12063	19018
point	59	4	0	14	12218.669114258753	27691.537402352296	298.0	12235	27840
point	58	4	1	14	13821.469160085411	13658.662252794895	448.0	13876	13594
point	57	4	0	14	20721.46060026961	10955.393813824423	132.0	20705	10965
point	56	4	2	14	8530.584202295222	17174.828317905256	252.25	8652	17274
point	55	4	2	14	17564.974090198728	24912.911919823353	132.0	17719	24776
point	53	5	2	14	11653.593992317543	23305.572460173298	252.25	11666	23276
point	52	5	1	14	15555.349232625673	12351.129188642439	298.00000000000006	15492	12165
point	51	5	1	14	15562.104460481085	28391.86324910094	298.0	15428	28448
point	50	5	1	14	7130.3667037507785	21055.15209860457	298.0	7096	21073
point	48	6	0	14	13049.576480835154	11900.847038329694	298.0	13021	11958
point	47	6	2	14	9173.545226955695	17447.32161059033	252.25	9221	17594
point	46	6	4	14	11962.223808316705	13489.0	63.0625	11946	13489
point	45	6	0	14	12832.871079778119	18488.381927278217	672.0	12871	18492
point	44	7	0	14	19745.918495294205	16242.429467059435	132.0	19768	16397
point	43	7	2	14	10712.809445458779	11786.51829946026	252.25	10879	11591
disappearpoint	42	6	1	14	11391.0	4817.0	0.0	11391	4817
point	41	7	0	14	12117.78188521105	16770.078896461822	672.0	12094	16784
point	40	7	2	14	8059.770422978292	20731.46707996581	252.24999999999997	8119	20752
point	39	8	4	14	15918.703302152415	8982.615281424269	63.0625	15686	8743
point	38	8	0	14	6591.037666445412	17935.167547074994	672.0	6598	17936
point	37	8	0	14	15032.661128954906	29089.32225790981	298.0	14985	28994
point	36	8	1	14	10478.673627048425	17881.129181227123	504.5	10573	17890
point	35	8	4	14	17086.29688674964	14374.620712887285	63.0625	17081	14335
disappearpoint	33	8	0	14	15844.0	13952.0	0.0	15844	13952
point	32	9	0	14	12164.052196002278	4460.647749543114	298.0	12237	4507
point	31	9	3	14	14682.0	25077.80618775329	126.125	14682	24758
point	30	9	2	14	7603.383253770049	18742.8237956435	252.25	7624	18719
point	29	10	0	14	10975.252161867716	13718.896575529661	672.0	10966	13686
point	28	10	0	14	8224.038277131338	19584.96987721599	672.0	8405	19607
point	27	10	1	14	10190.745829800277	7824.622432957006	298.0	10185	7962
point	26	10	0	14	14004.22578065606	8327.630676072482	672.0	14038	8438
point	25	10	0	14	10002.04006741743	20775.44723745317	1009.0	9944	20776
point	24	11	0	14	13303.077170564207	12725.111797798552	672.0	13220	12936
point	23	11	0	14	9295.08502031902	12062.455708458798	298.0	9273	12075
point	22	11	0	14	9754.549960094317	12102.249933490528	672.0	9935	12403
point	21	11	1	14	19919.263584202974	11390.158120888162	132.0	19902	11381
point	20	11	1	14	9596.60123298258	19679.284530898425	504.5	9687	19656
point	19	12	1	14	11258.647820857395	16955.80798053746	448.0	11286	16906
point	18	12	0	14	12411.611414696406	19705.235747987037	672.0	12458	19813
point	17	12	0	14	8663.666186652208	17172.504176125785	1009.0	8752	16404
point	54	5	0	14	6347.010980540041	17929.837436732625	672.0000000000001	6483	17923
point	15	12	1	14	16523.123298150465	13306.196965268797	504.5	16431	13511
point	14	13	3	14	13703.729951227146	26403.56538789858	126.125	13676	26349
point	13	13	0	14	19752.90283890481	22880.902631103516	1009.0	19716	23280
point	12	13	0	14	12584.202839708307	11195.33282188864	298.0	12615	11053
point	11	13	0	14	5793.295383638082	21170.491253012522	672.0	5843	21157
point	10	13	0	14	14684.011545269093	21811.767593179127	1009.0	15004	21784
point	9	14	0	14	13301.516671376095	16238.727312329283	672.0	13337	16220
point	49	6	0	14	10411.186386711284	4571.275877804975	298.0	10400	4560
point	7	14	0	14	8166.474697774238	15469.509692205915	298.0	8121	15526
disappearpoint	6	13	0	14	14286.0	9419.0	0.0	14286	9419
point	5	14	0	14	13209.40264265746	17936.331507520274	448.0	13245	17967
disappearpoint	4	14	1	14	9919.0	12953.0	0.0	9919	12953
point	3	15	0	14	10946.995228004698	25126.324062475887	447.99999999999994	10948	25127
point	2	15	1	14	9368.685264903648	11459.581846438565	504.5	9097	11009
point	1	15	0	14	10677.115682400416	25587.170597744433	672.0	10623	25720
point	34	9	1	14	8664.924603544423	17756.335530998982	504.50000000000006	8655	17760
newpoint	70	1	4	14	11124.0	17201.0	63.0625	11286	16906
newpoint	71	1	0	14	9903.0	21111.0	298.0	9924	21109
newpoint	72	1	2	14	13282.0	16741.0	132.0	13272	16650
newpoint	73	1	0	14	14220.0	28470.0	298.0	14182	28388
newpoint	74	1	1	14	10070.0	16554.0	298.0	10058	16725
point	74	2	1	15	10184.314727146413	16733.182330503412	298.0	10305	16741
point	73	2	0	15	14109.318601178653	28201.12732722119	448.0	14171	28172
point	72	2	2	15	13257.95037081318	16612.066001195588	132.0	13242	16569
point	71	2	0	15	10180.281479516765	21061.35273953344	298.0	10214	20961
point	70	2	4	15	11154.355029897182	17145.723865310687	63.0625	11286	16906
point	65	3	0	15	10120.27844540917	21311.644700497527	298.0	10320	21290
point	64	4	0	15	11718.632447978998	17316.35104042003	448.00000000000006	11717	17349
point	63	4	2	15	19786.104996658625	15891.381612090885	132.0	19787	15906
point	62	4	0	15	12562.741453010669	16640.221903973958	672.0	12514	16662
point	61	4	1	15	13713.932196859565	19943.40316690422	298.0	13598	19932
point	60	4	3	15	12031.402876824008	19034.195510371614	126.12499999999999	12063	19018
point	59	5	0	15	12162.190072896154	27969.588310625193	298.0	12126	28034
point	58	5	1	15	14110.386892231918	13316.28347227803	448.0	14220	13188
point	57	5	0	15	20718.651139097074	11071.311367503178	132.0	20869	11284
point	56	5	2	15	8640.015340813554	17368.724902415946	252.24999999999997	8548	18096
point	55	5	2	15	17663.63212026497	24825.215893097804	132.0	17719	24776
point	53	6	2	15	11749.939295767845	23072.447207762976	252.24999999999997	11906	22694
point	52	6	1	15	15633.773054107543	12109.036952325969	448.0	15644	12105
point	51	6	1	15	15415.748125265587	28295.87255538105	298.0	15392	28001
point	50	6	1	15	7041.329572968822	21233.240706398403	298.0	6897	21303
point	48	7	0	15	12954.859612872175	12182.540234894137	298.0	12915	12308
point	47	7	2	15	9206.389997778637	17646.021786344416	252.25	9042	17545
point	46	7	4	15	11946.0	13442.161308316705	63.0625	11946	13419
point	45	7	0	15	13331.478596105833	18859.11259486279	672.0	13361	18929
point	44	8	0	15	19764.58611431753	16373.102800222709	132.0	19768	16397
point	43	8	2	15	10876.17875942788	11594.319106555437	252.25	10879	11591
point	69	3	0	15	7787.50158552401	11821.316565171852	448.0	7829	11793
point	41	8	0	15	11776.391664203655	17003.562992801628	448.0	11773	17015
point	40	8	2	15	8304.370089792279	20776.47686938798	252.25	8344	20774
point	39	9	4	15	15874.76864969914	8937.375639294163	63.0625	15686	8743
point	38	9	0	15	6925.053228920213	18235.22263408748	448.0	7149	18431
point	37	9	0	15	14900.46025205354	28822.25275586364	298.0	14778	28574
point	36	9	1	15	10949.873934242076	17961.2712600427	448.0	10933	18028
point	35	9	4	15	17062.832117011352	14320.750680008905	63.06250000000001	17030	14295
point	68	3	0	15	8620.596069198278	7266.324076374303	298.0	8496	7431
point	32	10	0	15	12508.609730379052	4357.420924254686	448.0	12537	4362
point	31	10	3	15	14682.0	24951.68118775329	126.125	14682	24758
point	30	10	2	15	7753.176183399224	18539.998717289647	252.25	7764	18525
point	29	11	0	15	10504.57094886408	13248.558257819275	672.0	10318	13043
point	28	11	0	15	8828.53697943629	19680.747551593857	1009.0	8584	18848
point	27	11	1	15	10339.44094926277	7919.367904885814	298.0	10389	7900
point	26	11	0	15	14053.453237986741	8992.9681251924	672.0	14051	9055
point	25	11	0	15	9185.659613361733	20279.056924334003	1009.0	8843	19730
point	24	12	0	15	13031.358250200576	13339.101029865047	672.0	12975	13445
disappearpoint	23	11	0	15	9273.0	12075.0	0.0	9273	12075
point	22	12	0	15	10100.291107741614	12678.485179569358	672.0	10277	12973
point	21	12	1	15	19791.159214089857	11400.001277584595	132.0	19657	11423
point	20	12	1	15	10086.658187831985	19561.22852677087	504.5	10198	19543
point	19	13	1	15	11622.600247774215	16837.193308605598	448.0	11629	16831
point	18	13	0	15	12875.963917017976	20142.270021053973	672.0	12944	20185
point	17	13	0	15	8793.15483906621	16172.189069749513	1009.0	8948	15300
point	54	6	0	15	7014.729324634116	17981.13634501824	672.0	7026	17983
point	15	13	1	15	16324.907123761435	13769.854364190844	504.5	16270	13918
point	14	14	3	15	13647.10240053756	26290.86878247672	126.125	13590	26176
point	13	14	0	15	19652.0453513154	23884.82824898865	1009.0	19576	24604
point	12	14	0	15	12702.366938702233	10969.939595880132	298.0	12734	10969
point	11	14	0	15	6436.902287194233	20977.308629809566	672.0	6458	20971
point	10	14	0	15	15688.441805318536	21851.975384774785	1009.0000000000001	16172	21900
point	9	15	0	15	13951.190938999942	16082.48061298114	672.0	14067	16065
point	49	7	0	15	10344.01473048937	4285.277535902826	298.0	10336	4212
point	7	15	0	15	7976.234481134822	15698.864678149024	298.0	7932	15752
point	67	3	4	15	12674.595424578334	25768.585241083303	63.0625	12635	25774
point	5	15	0	15	13611.885146765442	18106.268257668547	447.99999999999994	13632	18108
point	66	3	0	15	16333.146362579795	29348.95926365953	672.0	16285	29371
point	3	16	0	15	11288.921397840997	25133.801746714646	448.0	11325	25133
point	2	16	1	15	9108.180735070491	11027.54291308139	504.5	9097	11009
point	1	16	0	15	10481.534922038334	26214.94553048786	672.0	10496	26326
point	34	10	1	15	8175.754222093798	17719.228384112605	504.5	8052	17690
newpoint	75	1	1	15	15895.0	10846.0	132.0	15915	10887
newpoint	76	1	1	15	20334.0	19109.0	132.0	20349	19162
newpoint	77	1	2	15	12481.0	18383.0	252.25	12504	18184
newpoint	78	1	0	15	12105.0	26624.0	298.0	11991	26686
newpoint	79	1	1	15	9588.0	16564.0	298.0	9597	16679
point	79	2	1	16	9778.492414709275	16658.4834661633	298.0	9827	16653
point	78	2	0	16	11837.259783831532	26749.357844629656	298.0	11694	26760
point	77	2	2	16	12555.906309348682	18182.59712677436	252.25	12726	18178
point	76	2	1	16	20369.270889335436	19236.199104359894	132.0	20402	19356
point	75	2	1	16	15971.920966205636	10951.975819913981	132.0	16021	11008
point	73	3	0	16	14504.834742044495	28019.783710447766	298.0	14736	28489
point	72	3	2	16	13192.424731741714	16498.63510311727	132.0	13087	16349
point	71	3	0	16	10368.233488364252	20901.826976503737	448.0	10364	20772
point	70	3	4	16	11184.710059794364	17090.447730621374	63.0625	11286	16906
point	65	4	0	16	10386.565140387936	21264.687326137908	298.0	10389	21253
point	64	5	0	16	11883.323041959484	17722.944512598548	448.0	12002	17946
point	63	5	2	16	19798.462453423464	16022.793106503956	132.0	19824	16283
point	62	5	0	16	11972.492926675319	16768.432764844765	448.00000000000006	11892	16759
point	61	5	1	16	13479.218577256655	20009.358691191705	298.0	13417	20016
point	60	5	3	16	12104.158033321753	19098.7330653619	126.125	12167	19222
point	59	6	0	16	12139.640382250038	28257.702268900615	298.0	12141	28280
point	58	6	1	16	14424.87692110408	12998.22707327722	448.0	14620	12817
point	57	6	0	16	20794.846267040397	11179.09959727666	132.0	20869	11284
point	56	6	2	16	8608.352910757452	17618.979878436287	252.24999999999997	8548	18096
point	55	6	2	16	17762.29498539196	24737.525306503907	132.0	18213	24337
point	53	7	2	16	11846.104338821417	22839.246978358064	252.24999999999997	11906	22694
point	52	7	1	16	15769.681755115229	11846.776927140709	198.0	15740	11786
point	51	7	1	16	15391.82224277495	27998.834593803942	298.0	15370	27733
point	50	7	1	16	6814.464468737167	21192.78174396578	298.0	6736	21088
point	48	8	0	16	13078.975696981535	12336.06791209594	298.0	13137	12346
point	47	8	2	16	8993.295394480136	17511.17069271773	252.25	8839	17404
point	46	8	4	16	11935.928065496877	13380.390917738026	63.0625	11934	13373
point	45	8	0	16	13299.1593773511	19449.58503447522	672.0	13251	19482
point	44	9	0	16	19667.096102213276	16424.034076957396	132.0	19647	16426
point	43	9	2	16	11040.327192269406	11402.78494235236	252.25000000000003	11047	11395
point	69	4	0	16	8169.653629865494	11587.6543083227	448.0	8436	11428
disappearpoint	41	8	0	16	11773.0	17015.0	0.0	11773	17015
point	40	9	2	16	8441.845087860745	20622.418924713682	252.25000000000003	8471	20473
point	39	10	4	16	15830.833997245865	8892.13599716406	63.0625	15686	8743
point	38	10	0	16	7210.813674168688	18352.217866255593	298.0	7251	18301
point	37	10	0	16	14768.614783645407	28555.006109758564	298.0	14736	28489
point	36	10	1	16	11147.044213932531	18327.63925084888	448.0	11253	18445
point	35	10	4	16	17009.847589634996	14287.990465959998	63.0625	16869	14239
point	68	4	0	16	8441.030903323635	7504.147853057523	298.0	8369	7600
point	32	11	0	16	12914.115868640423	4538.617221434434	448.0	12931	4553
point	31	11	3	16	14682.0	24825.55618775329	126.125	14682	24758
point	30	11	2	16	7898.801777969423	18334.03081454332	252.25	7980	18219
point	29	12	0	16	10115.821571450213	12704.369285750354	672.0	9989	12493
point	28	12	0	16	8577.253391696564	18707.070848772666	1009.0	8548	18096
disappearpoint	27	11	1	16	10504.0	7841.0	0.0	10504	7841
point	26	12	0	16	14176.863380568897	9355.80845088562	298.0	14193	9366
point	25	12	0	16	8741.063849351913	19382.866081576783	1009.0	8584	18848
point	24	13	0	16	12734.477480320846	13940.197014703586	672.0	12720	13983
point	74	3	1	16	10238.258844331307	16460.068565814836	448.00000000000006	10189	16288
point	22	13	0	16	10484.283664013985	13226.20633778532	672.0	10544	13292
point	21	13	1	16	19661.057076454505	11422.304501179227	132.0	19657	11423
point	20	13	1	16	10558.46443288564	19523.66023572134	448.0	10598	19493
point	19	14	1	16	11766.41036754722	16389.156429541297	504.50000000000006	11769	16364
point	18	14	0	16	13361.711608836938	20572.175511973124	672.0	14003	20825
point	17	14	0	16	8996.409667808137	15186.739645128131	1008.9999999999999	9160	14804
point	54	7	0	16	7681.572278844433	17976.072212662628	672.0	7682	17976
point	15	14	1	16	16142.582233614032	14240.219649430835	504.5	16081	14393
point	14	15	3	16	13590.958869625305	26177.928888897415	126.125	13590	26176
point	13	15	0	16	19396.253307682364	24381.775855517746	1009.0	17968	22616
disappearpoint	12	14	0	16	12734.0	10969.0	0.0	12734	10969
point	11	15	0	16	6576.102235240418	21179.362393357093	298.0	6540	21233
point	10	15	0	16	16659.497041228176	22089.582182699847	1009.0	17036	22236
point	9	16	0	16	14565.076472372417	15849.721070482095	672.0	14702	15755
disappearpoint	49	7	0	16	10467.0	4151.0	0.0	10467	4151
point	7	16	0	16	7790.8604300942625	15932.104232275575	298.0	7647	16122
point	67	4	4	16	12635.0	25797.098550474653	63.0625	12635	25895
disappearpoint	5	15	0	16	13829.0	18134.0	0.0	13829	18134
point	66	4	0	16	15722.159384417962	29628.742240242787	672.0	15564	29703
point	3	17	0	16	11736.68799660219	25145.732759795737	448.00000000000006	11919	25149
point	2	17	1	16	8841.717180188502	10599.203351168708	504.50000000000006	8800	10533
point	1	17	0	16	10568.87419974604	26881.245600770544	672.0	10618	27255
point	34	11	1	16	7778.278207986219	17941.612653427357	504.5	7738	17965
newpoint	80	1	3	16	8797.0	12657.0	126.125	8933	12577
newpoint	81	1	0	16	7256.0	20616.0	298.0	7236	20590
newpoint	82	1	2	16	9919.0	12953.0	252.25	9808	13016
newpoint	83	1	0	16	11196.0	24373.0	672.0	10893	25090
newpoint	84	1	4	16	21446.0	16138.0	63.0625	21252	16250
point	84	2	4	17	21391.38554740769	16169.529993249167	63.0625	21252	16250
point	83	2	0	17	10934.415418400547	24991.99717824029	672.0	10893	25090
point	82	2	2	17	9837.05035085749	13115.259923292402	252.25	9547	13285
point	81	2	0	17	6975.6807171677065	20612.20318808047	672.0	6965	20623
point	80	2	3	17	8905.711452886773	12593.052086537193	126.125	8933	12577
point	73	4	0	17	14636.53291426858	28287.102979174946	298.0	14736	28489
point	72	4	2	17	13116.398865460533	16390.727421943982	132.0	13087	16349
point	71	4	0	17	11048.36242685233	20983.991054782542	1009.0	11552	21140
point	70	4	4	17	11215.065089691547	17035.171595932057	63.0625	11286	16906
point	65	5	0	17	10365.846949114095	20828.639772832266	448.0	10364	20772
point	64	6	0	17	12103.645220233633	18107.404560647887	448.0	12118	18114
point	63	6	2	17	19811.355416271057	16154.161944167272	132.0	19824	16283
point	62	6	0	17	11715.904302570281	16526.441897989098	198.0	11702	16518
point	61	6	1	17	13193.30735031412	20017.448117594326	298.0	13168	20046
point	60	6	3	17	12161.442425130152	19211.09860313991	126.125	12167	19222
point	59	7	0	17	11982.916216068372	28501.22116013106	298.0	11840	28715
point	58	7	1	17	14741.790285643352	12951.839244819426	447.99999999999994	14816	13034
point	57	7	0	17	20865.577630712774	11284.891194149963	132.0	20124	11478
point	56	7	2	17	8576.69048070135	17869.23485445663	252.24999999999997	8548	18096
point	55	7	2	17	17860.964034536788	24649.841677810426	132.0	18213	24337
point	53	8	2	17	11944.883924049425	22607.173774102084	252.25	12191	22043
point	52	8	1	17	15712.901375933532	11677.880359048026	197.99999999999997	15711	11674
point	51	8	1	17	15372.883150618974	27701.861973315077	298.0	15375	27679
point	50	8	1	17	6593.640529058888	21098.51972256235	298.0	6515	20952
point	48	9	0	17	13370.846512641885	12395.95616166783	298.0	13428	12408
point	47	9	2	17	8815.913144880944	17464.099423413205	252.25	8752	17627
point	46	9	4	17	11921.007679775135	13319.120083773354	63.06249999999999	11866	13091
point	45	9	0	17	12864.659708210385	19948.63196651789	672.0	12780	20082
point	44	10	0	17	19539.79269163724	16457.74294605154	132.0	19468	16479
point	43	10	2	17	11209.421033559045	11215.839976302597	252.25000000000003	11235	11190
point	69	5	0	17	8552.19624213623	11354.542605546063	448.0	8610	11318
point	79	3	1	17	10065.207616805053	16725.46689015741	298.0	10305	16741
point	40	10	2	17	8507.641007229462	20405.23858430683	252.25	8691	20638
point	39	11	4	17	15786.89934479259	8846.896355033954	63.0625	15686	8743
point	38	11	0	17	7394.208014414606	18117.334116042253	298.0	7474	18015
point	37	11	0	17	14636.83934307296	28287.72496445022	298.0	14501	28012
point	36	11	1	17	11450.568487712782	18655.015055181877	448.0	11558	18719
point	35	11	4	17	16950.285260392713	14267.27313404964	63.0625	16869	14239
point	68	5	0	17	8250.41864134176	7731.817798881868	298.0	8237	7743
point	32	12	0	17	13248.04431971886	4837.04431971886	448.0	13265	4854
point	31	12	3	17	14680.605899567514	24699.447781835574	126.125	14680	24674
point	30	12	2	17	8075.288989185551	18276.798239342057	252.25	8102	18293
point	29	13	0	17	9770.080423802914	12128.134039671524	672.0	9659	11943
point	28	13	0	17	8597.860242314719	17701.91231555098	1008.9999999999999	8652	17274
point	78	3	0	17	11540.225186051124	26772.53198198255	298.0	11402	26790
point	26	13	0	17	14437.881199320298	9499.45013645707	298.0	14707	9642
point	25	13	0	17	8562.407984220428	18396.966781493375	1009.0	8548	18096
point	24	14	0	17	12584.04679135808	14594.886728619285	671.9999999999999	12576	14630
point	74	4	1	17	10102.743017194194	16033.981379184517	447.99999999999994	10090	16000
point	22	14	0	17	11380.357938549618	13032.846835942371	1009.0	11396	13028
point	21	14	1	17	19705.336938884095	11541.355484942715	132.0	19727	11591
point	20	14	1	17	10942.830829897888	19355.872842226934	448.00000000000006	11060	19328
point	19	15	1	17	11997.168255637434	15951.970623112175	504.5	12045	15875
point	18	15	0	17	13986.88095806818	20818.64515469163	672.0	14003	20825
point	17	15	0	17	9499.595699990028	14318.155056948573	1009.0	9708	14020
point	54	8	0	17	8237.476432420415	17733.805991576683	672.0	8450	17784
point	15	15	1	17	15954.18814965029	14708.223477186122	504.5	15937	14751
point	14	16	3	17	13534.894439756843	26064.949708545515	126.125	13393	25779
point	13	16	0	17	18761.71020246962	23597.27853389901	1009.0	17968	22616
point	77	3	2	17	12754.613286769409	18179.22279003288	88.0	12843	18183
disappearpoint	11	15	0	17	6427.0	21340.0	0.0	6427	21340
point	10	16	0	17	17596.250380216818	22464.42826661201	1009.0	17968	22616
point	9	17	0	17	15107.918903527067	15471.743491573781	672.0	15243	15373
point	76	3	1	17	20403.259008321613	19363.706656998955	132.0	20435	19558
point	7	17	0	17	7607.9729213066	16167.262174105954	298.0	7478	16318
point	67	5	4	17	12635.0	25860.161050474653	63.0625	12635	25895
point	75	3	1	17	16037.178316842097	11063.196610402447	132.0	16089	11240
point	66	5	0	17	15318.138185322281	29669.068144831836	298.0	15169	29365
point	3	18	0	17	12184.556771988859	25156.235246128395	448.0	12260	25158
point	2	18	1	17	8581.334632434733	10168.214235971896	504.5	8192	9703
point	1	18	0	17	10654.849666008698	27547.715327710703	672.0	10666	27643
point	34	12	1	17	7405.277650552154	18103.137183596788	298.0	7251	18301
newpoint	85	1	0	17	2411.0	21657.0	132.0	2931	21479
newpoint	86	1	2	17	8406.0	7003.0	252.24999999999997	8472	6953
newpoint	87	1	0	17	12002.0	17946.0	448.0	11836	17634
newpoint	88	1	3	17	11287.0	8526.0	126.125	11310	8463
newpoint	89	1	0	17	12694.0	13133.0	298.0	12841	13161
point	89	2	0	18	12986.540823014391	13189.769697572612	298.0	13099	13212
point	88	2	3	18	11329.795511715618	8407.358561664209	126.125	11384	8255
point	87	2	0	18	11788.450382888344	17552.23243412575	448.0	11729	17450
point	86	2	2	18	8594.496489673793	6837.424633630594	252.24999999999997	8613	6813
point	85	2	0	18	2535.8859015019575	21614.2505952551	132.0	2931	21479
point	83	3	0	18	11180.410269040734	25135.50082321981	298.0	11235	25135
point	82	3	2	18	9619.34006472883	13242.665942827502	252.25	9547	13285
point	81	3	0	18	6432.760479691138	20978.547111464904	672.0	6050	21093
point	80	3	3	18	9014.684164318083	12529.551110432878	126.12500000000001	9069	12498
point	73	5	0	18	14768.307627150318	28554.3844835185	298.0	14778	28574
point	72	5	2	18	13092.965678601302	16236.567668868338	252.25000000000003	12977	16014
point	71	5	0	18	11937.02007613022	21429.560553122727	1009.0	12036	21504
point	70	5	4	18	11245.42011958873	16979.895461242744	63.0625	11286	16906
point	65	6	0	18	9512.87667038464	20611.76254109891	1009.0	9356	20552
point	64	7	0	18	12189.35742249885	18433.326808360165	447.99999999999994	12188	18465
point	63	7	2	18	19824.17495965872	16285.536915051482	132.0	19854	16718
point	62	7	0	18	11568.899774211513	16429.986211046853	198.0	11508	16441
point	61	7	1	18	13021.942192413886	20255.935367084596	298.0	13002	20265
point	60	7	3	18	12218.737266143604	19323.45833474773	126.125	12393	19662
point	59	8	0	18	11781.677320566203	28734.16352887434	448.0	11660	28770
point	58	8	1	18	15043.346291943544	13283.148598254382	448.0	15114	13360
point	57	8	0	18	20737.837596182882	11318.155042067814	132.0	20124	11478
point	56	8	2	18	8549.13218113918	18119.65000601844	252.25	8584	18848
point	55	8	2	18	17959.633083681612	24562.158049116948	132.0	18213	24337
point	53	9	2	18	12045.746212184704	22375.966375145832	252.25	12191	22043
disappearpoint	52	8	1	18	15692.0	11591.0	0.0	15692	11591
point	51	9	1	18	15341.607278526919	27408.261551184638	298.0	15289	26776
point	50	9	1	18	6722.100525303	20870.298964664256	504.49999999999994	6725	20869
point	48	10	0	18	13229.971771961511	12910.687040405397	672.0	13220	12936
point	47	10	2	18	8724.157684149412	17695.955804777568	252.25	8723	17701
point	46	10	4	18	11906.224828857332	13257.814731437755	63.06249999999999	11866	13091
point	45	10	0	18	13131.025647541543	20433.559921127886	672.0	13188	20476
point	44	11	0	18	19414.586938194716	16499.26012689166	132.0	19352	16523
point	43	11	2	18	11131.738831699187	11000.405723775559	252.25	11052	10854
point	69	6	0	18	8930.471348297799	11114.518282514739	448.0	8983	11081
point	79	4	1	18	10326.517710346441	16836.292717248525	504.5	10347	16927
point	40	11	2	18	8663.736404186826	20603.39077215426	252.25	8691	20638
point	39	12	4	18	15742.964692339316	8801.656712903849	63.0625	15686	8743
point	38	12	0	18	7832.944753657474	17908.561340651737	672.0	7894	17832
point	37	12	0	18	14505.141170848876	28020.405695723035	298.0	14501	28012
point	36	12	1	18	11837.202236123709	18874.585293082575	448.0	11974	18944
point	35	12	4	18	16890.72293115043	14246.55580213928	63.0625	16869	14239
point	68	6	0	18	8018.172904459808	7896.870921588535	298.0	7998	7924
point	32	13	0	18	13533.370130577012	5162.547780549345	672.0	13461	5489
point	31	13	3	18	14582.006087729604	24697.057391122446	126.125	14476	24722
point	30	13	2	18	8303.275325589848	18336.550118275663	252.25	8378	18302
point	29	14	0	18	9424.34683972246	11551.894895386706	672.0	9097	11009
point	28	14	0	18	8717.965254657218	16700.102284482196	1009.0	8752	16404
point	78	4	0	18	11244.275923932588	26772.650351632587	298.0	11202	26768
point	26	14	0	18	14701.219562058926	9638.938152824563	298.0	14707	9642
point	25	14	0	18	8636.829094243878	17393.908505110892	1008.9999999999999	8652	17274
point	24	15	0	18	12319.34725544001	15211.833388424422	672.0	12242	15383
point	74	5	1	18	9873.711602098121	15686.580965149644	448.0	9788	15706
point	22	15	0	18	12292.545997140098	12626.99326803384	672.0	13072	12900
point	21	15	1	18	19742.512301377865	11667.063685135528	132.0	19744	11705
point	20	15	1	18	11315.28560358908	19127.793441454414	448.0	11352	19095
point	19	16	1	18	12198.882776919021	15490.793057702449	504.5	12242	15383
point	18	16	0	18	14607.86306054722	21075.47302493121	672.0	14614	21078
point	17	16	0	18	10194.593078462569	13596.268228324461	1008.9999999999999	10544	13292
point	54	9	0	18	8749.852696660377	17628.860996227675	448.0	8752	17627
point	15	16	1	18	15646.51875508643	15091.257240297426	504.5	15494	15194
point	14	17	3	18	13478.831384320814	25951.96984556022	126.125	13393	25779
point	13	17	0	18	18127.16709725688	22812.78121228027	1009.0	17968	22616
point	77	4	2	18	12842.533040176877	18182.980044452004	88.0	12843	18183
point	84	3	4	18	21336.771094815384	16201.059986498334	63.0625	21252	16250
point	10	17	0	18	18111.34868604165	22508.079696440127	298.0	18231	22418
point	9	18	0	18	15656.866640498036	15084.286489036887	672.0	15733	15033
point	76	4	1	18	20424.541238706384	19493.979703596666	132.0	20435	19558
point	7	18	0	18	7651.696625771995	16458.11955098916	672.0	8006	16747
point	67	6	4	18	12663.216584276724	25894.37296479385	63.0625	12680	25894
point	75	4	1	18	16074.306014298621	11189.867578195295	132.0	16089	11240
point	66	6	0	18	15186.910913371603	29401.51739619453	298.0	15169	29365
point	3	19	0	18	12632.525070615122	25160.871098810137	448.0	12779	25162
point	2	19	1	18	8257.549494281597	9781.32480175179	504.5	8192	9703
point	1	19	0	18	10841.6045251169	28177.435624385576	672.0	10938	28315
point	34	13	1	18	7221.9263762617165	18338.05461848997	298.0	7149	18431
newpoint	90	1	0	18	9707.0	19557.0	298.0	9744	19640
newpoint	91	1	0	18	8232.0	7238.0	298.0	8222	7250
newpoint	92	1	1	18	16009.0	22788.0	198.0	15970	22902
newpoint	93	1	1	18	18363.0	12850.0	132.0	18310	12753
newpoint	94	1	2	18	16878.0	20900.0	252.25	16588	20575
point	94	2	2	19	16710.05507217802	20711.785856751227	252.25	16588	20575
point	93	2	1	19	18318.675351820533	12733.366309037743	132.0	18329	12710
point	92	2	1	19	15859.16424315213	22865.59409446603	298.0	15833	22857
point	91	2	0	19	8161.674591474776	7454.188723674568	298.0	8369	7600
point	90	2	0	19	9286.304889879002	19713.001793469877	672.0	9286	19713
point	88	3	3	19	11372.071146416252	8288.52975061378	126.125	11384	8255
point	87	3	0	19	11741.329229779543	17122.69046727865	448.0	11748	17084
point	86	3	2	19	8794.91901986663	6939.5523616463515	252.25000000000003	8843	6973
point	85	3	0	19	2660.771803003915	21571.5011905102	132.0	2931	21479
point	83	4	0	19	11600.732285955339	25142.348554082233	448.0	11640	25144
point	82	4	2	19	9632.850953248091	13429.911538106708	252.25000000000003	9688	13523
disappearpoint	81	3	0	19	5843.0	21157.0	0.0	5843	21157
point	80	4	3	19	9102.454587268006	12551.749313193623	126.125	9280	12837
point	73	6	0	19	14900.153509991474	28821.630925016732	298.0	14925	28872
point	72	6	2	19	12978.269317187072	16013.81272369371	252.25	13099	15996
point	71	6	0	19	12186.299804190956	22053.774295008425	672.0	11931	22639
point	70	6	4	19	11275.775149485913	16924.61932655343	63.0625	11286	16906
point	65	7	0	19	8910.672658197456	19838.434551731596	1009.0	8843	19730
point	64	8	0	19	12150.953343515226	18863.71776662618	448.0	12116	18902
point	63	8	2	19	19833.256835751952	16417.224118403316	132.0	19854	16718
disappearpoint	62	7	0	19	11434.0	16462.0	0.0	11434	16462
point	61	8	1	19	12633.62421523924	19989.610721405756	504.5	12517	19916
point	60	8	3	19	12276.461039223888	19435.598789742242	126.125	12393	19662
point	59	9	0	19	11342.843429722041	28820.520515619497	448.0	11321	28824
point	58	9	1	19	15342.97846038417	13616.190438282474	448.0	15481	13769
point	57	9	0	19	20610.09756165299	11351.418889985664	132.0	20124	11478
point	56	9	2	19	8561.194165329065	18371.61145354048	252.25	8584	18848
point	55	9	2	19	18058.30213282644	24474.474420423467	132.0	18213	24337
point	53	10	2	19	12146.608500319982	22144.75897618958	252.25	12191	22043
point	89	3	0	19	13111.042098846952	12909.496726746556	672.0	13072	12900
point	51	10	1	19	15316.89759497853	27111.287761871612	298.0	15289	26776
point	50	10	1	19	6593.500185209529	20603.80633775049	298.0	6522	20428
point	48	11	0	19	12607.207084130954	12737.20451170069	672.0	12284	12624
disappearpoint	47	10	2	19	8720.0	17736.0	0.0	8720	17736
point	46	11	4	19	11891.441977939527	13196.509379102155	63.06249999999999	11866	13091
point	45	11	0	19	13734.496878518847	20719.144093113904	672.0	14003	20825
point	44	12	0	19	19291.10361525057	16545.905979584648	132.0	19134	16605
point	43	12	2	19	11011.2274346978	10778.804695139384	252.24999999999997	10930	10629
point	69	7	0	19	9291.29804782562	11331.237472759976	672.0	9463	11616
point	79	5	1	19	10306.16758693785	17336.477291845596	504.5	10289	17501
point	40	12	2	19	8814.76581276941	20805.409546745992	252.25	8881	20895
point	39	13	4	19	15699.03003988604	8756.417070773745	63.0625	15686	8743
point	38	13	0	19	8401.13749975037	17772.459610493806	672.0	8450	17784
point	37	13	0	19	14110.261175752756	28200.682222561198	448.0	14099	28206
point	36	13	1	19	12155.121434008272	19198.6997359393	504.5	12167	19222
point	35	13	4	19	16858.54719539276	14277.67537704679	63.06250000000001	16839	14350
disappearpoint	68	6	0	19	7998.0	7924.0	0.0	7998	7924
point	32	14	0	19	13397.870089385913	5820.667590091923	672.0	13394	5841
point	31	14	3	19	14458.819204723752	24720.7805772681	126.125	13687	24666
point	30	14	2	19	8545.556599497313	18330.268751448933	252.24999999999997	8704	18357
point	29	15	0	19	9077.497259393935	10976.326577426204	672.0	9020	10880
point	28	15	0	19	8876.275713312296	15703.998022975635	1009.0	8948	15300
point	78	5	0	19	10956.783910083168	26698.028979257564	298.00000000000006	10887	26671
disappearpoint	26	14	0	19	14772.0	9503.0	0.0	14772	9503
point	25	15	0	19	8754.168834158905	16391.78370963555	1009.0	8948	15300
point	24	16	0	19	12062.015982641351	15832.471857148266	672.0	12061	15835
point	74	6	1	19	9462.208969294335	15695.90032033194	298.0	9437	15695
point	22	16	0	19	12926.768605251706	12849.132151078009	672.0	13072	12900
point	21	16	1	19	19386.577388901456	11668.505025253342	504.50000000000006	19348	11666
point	20	16	1	19	11543.87703935681	18753.098679751125	448.00000000000006	11558	18719
point	19	17	1	19	12401.301241791954	15028.769518436535	504.5	12415	14998
point	18	17	0	19	15232.847923331334	21322.339169332532	672.0	15382	21382
point	17	17	0	19	10304.274435581414	13019.566109529245	672.0	10277	12973
point	54	10	0	19	8665.875086300886	17153.286749182294	1009.0	8752	16404
point	15	17	1	19	15248.376126601795	15377.887387819816	298.0	15265	15393
point	14	18	3	19	13422.768328884784	25838.98998257492	126.125	13393	25779
point	13	18	0	19	17837.68155041444	22797.267417907573	298.0	17592	23139
disappearpoint	77	4	2	19	12843.0	18183.0	0.0	12843	18183
point	84	4	4	19	21282.156642223075	16232.589979747503	63.0625	21252	16250
point	10	18	0	19	18130.032630377926	22309.473575967717	298.0	18044	22217
point	9	19	0	19	16021.290731332525	14541.223819014545	672.0	16070	14420
point	76	5	1	19	20467.7479472989	19499.398410096703	132.0	20473	19490
point	7	19	0	19	8172.997623347795	16882.17805114519	672.0	8174	16883
point	67	7	4	19	12725.677399017763	25886.588092458805	63.0625	12853	25867
point	75	5	1	19	16098.396204273731	11316.790036218546	132.0	16164	11489
point	66	7	0	19	15055.124499032252	29134.248998064504	298.0	14985	28994
point	3	20	0	19	13080.494718286322	25165.914947182864	448.0	13089	25166
point	2	20	1	19	8288.374387721457	9455.086725674431	448.0	8305	9441
point	1	20	0	19	11240.537732834826	28718.104257581464	672.0	11321	28824
point	34	14	1	19	7261.62194748807	18673.368889512243	448.0	7267	18692
newpoint	95	1	2	19	10658.0	4825.0	252.25	10594	4925
newpoint	96	1	0	19	10793.0	23978.0	298.0	11040	24083
newpoint	97	1	0	19	12593.0	16832.0	298.0	12514	16662
newpoint	98	1	0	19	14808.0	13358.0	298.0	14648	13190
newpoint	99	1	0	19	12741.0	26322.0	298.0	12676	26317
point	99	2	0	20	12532.854111926596	26223.29075800986	298.0	12496	26151
point	98	2	0	20	14696.364370447336	13145.09022744176	298.0	14816	13034
point	97	2	0	20	12269.429999672122	16681.309268484612	672.0	12094	16784
point	96	2	0	20	11067.273176795228	24094.525484754467	298.0	11279	24184
point	95	2	2	20	10511.554063174504	5029.926840255463	252.25000000000003	10449	5102
point	87	4	0	20	11686.339203594665	16710.902374238234	448.0	11694	16656
point	86	4	2	20	9005.587645207805	7078.055790952316	252.25000000000003	9182	7182
point	85	4	0	20	2785.6577045058725	21528.751785765297	132.0	2931	21479
point	83	5	0	20	12048.590476024283	25152.954926104077	448.0	12089	25154
point	82	5	2	20	9761.106037495729	13647.122480928	252.25	9827	13759
point	94	3	2	20	16543.249157727096	20522.577584766026	252.25	16343	20288
point	80	5	3	20	9169.101842422213	12658.827130716256	126.125	9280	12837
point	73	7	0	20	15032.351043710236	29088.70208742047	298.0	15065	29154
point	72	7	2	20	13133.469075700237	15870.463562805924	252.24999999999997	13170	15756
point	71	7	0	20	11917.132697189347	22669.508066183436	672.0	11906	22694
point	70	7	4	20	11300.779352504114	16866.87818454793	63.0625	11303	16861
point	65	8	0	20	8594.723647063864	18884.51836567694	1009.0	8584	18848
point	64	9	0	20	12191.213821123998	19269.715471038468	672.0	12201	19289
point	63	9	2	20	19842.338711845183	16548.91132175515	132.0	19854	16718
point	93	3	1	20	18409.79381867881	12671.570591040241	132.0	18347	12655
point	61	9	1	20	12360.119296091389	19598.122382510872	504.5	12201	19289
point	60	9	3	20	12334.184812304173	19547.739244736753	126.125	12393	19662
point	59	10	0	20	11139.439276205718	28869.906971702912	132.0	11143	28934
point	58	10	1	20	15643.822382195567	13948.147909943906	448.0	15708	14019
point	57	10	0	20	20482.3575271231	11384.682737903515	132.0	20124	11478
point	56	10	2	20	8573.256149518951	18623.572901062525	252.25	8584	18848
point	55	10	2	20	18156.971181971265	24386.79079172999	132.0	18213	24337
point	53	11	2	20	12317.82095507452	22105.147320614207	252.25000000000003	12442	22166
point	89	4	0	20	12475.699099024807	12691.143339252343	672.0	12284	12624
point	51	11	1	20	15292.187911430145	26814.313972558582	298.0	15289	26776
point	50	11	1	20	6507.022447085991	20321.1620608885	298.0	6511	20279
point	48	12	0	20	11847.573830792893	12853.197226789847	1008.9999999999999	11396	13028
point	92	3	1	20	15625.164970127644	22686.186056290146	298.0	15443	22604
point	46	12	4	20	11876.659127021723	13135.204026766556	63.06249999999999	11866	13091
point	45	12	0	20	14357.007274246178	20972.179465866073	672.0	14614	21078
point	44	13	0	20	19167.554807408545	16592.37846693807	132.0	19134	16605
point	43	13	2	20	10890.215236218586	10557.480307910455	252.24999999999997	10673	10167
point	69	8	0	20	9637.5539608914	11907.162539910629	672.0	9659	11943
point	79	6	1	20	10256.06353076983	17838.480321971765	504.5	10254	17860
point	40	13	2	20	8916.903231252323	21029.62488010515	252.24999999999997	8924	21068
point	39	14	4	20	15661.588337905947	8705.961616133161	63.0625	15657	8699
point	38	14	0	20	8791.90879801298	17525.281234332768	448.0	8834	17418
point	37	14	0	20	14219.70846423871	28469.370896515113	298.0	14220	28470
point	36	14	1	20	12385.539111158698	19647.505669073926	504.5	12393	19662
point	35	14	4	20	16842.093619994692	14338.553606019635	63.06250000000001	16839	14350
point	91	3	0	20	8342.452977140927	7635.757214463241	298.0	8320	7666
point	32	15	0	20	13392.335374445227	6492.091877105584	672.0	13425	6777
point	31	15	3	20	14333.010691932679	24711.85120246924	126.125	13687	24666
point	30	15	2	20	8718.106225003916	18266.52559135419	252.25	8733	18171
point	29	16	0	20	8726.231460630626	10403.596580282014	672.0	8704	10363
point	28	16	0	20	9193.960109682203	14755.414733593347	1009.0	9708	14020
point	78	6	0	20	10664.28878468369	26680.51788873474	298.0	10544	26692
point	90	3	0	20	8746.449351002213	19401.205898007534	1009.0	8584	18848
point	25	16	0	20	8930.544848481413	15398.318812635305	1009.0	8948	15300
point	24	17	0	20	11763.228593504979	16420.065091665918	672.0	11762	16432
point	74	7	1	20	9042.439287349565	15756.034606866726	448.0	8912	15742
point	22	17	0	20	13125.659320070898	13222.294192898664	298.0	13200	13251
point	21	17	1	20	18887.115892653583	11733.740048331585	504.5	18616	11773
point	20	17	1	20	11915.79748274567	18914.46654446253	448.0	11974	18944
point	19	18	1	20	12591.476810832528	14562.660177203481	504.5	12612	14474
point	18	18	0	20	15856.238387449119	21573.26867575617	672.0000000000001	15926	21601
point	17	18	0	20	9959.023978880083	12443.039964800137	672.0	9935	12403
point	54	11	0	20	8796.536216991573	16153.142941027061	1009.0	8948	15300
disappearpoint	15	17	1	20	15308.0	15528.0	0.0	15308	15528
point	14	19	3	20	13366.544981306713	25726.089962613427	126.12499999999999	13348	25689
point	13	19	0	20	17663.72941088154	23039.227441779134	298.0	17592	23139
point	88	4	3	20	11425.516628691821	8174.543636811022	126.125	11529	7974
point	84	5	4	20	21224.361776524504	16255.804026929854	63.0625	20952	16313
point	10	19	0	20	17930.650076814312	22088.039009549215	298.0	17877	22027
point	9	20	0	20	15829.664009120572	14170.95846499955	448.0	15782	14101
point	76	6	1	20	20544.520811204206	19392.11040486697	132.0	20671	19219
point	7	20	0	20	8641.981967394724	17353.18098847632	1008.9999999999999	8548	18096
point	67	8	4	20	12788.006589200855	25876.99898627679	63.0625	12853	25867
point	75	6	1	20	16145.387587515874	11440.14241722917	132.0	16164	11489
point	66	8	0	20	14922.681433412308	28867.299776577333	298.0	14778	28574
point	3	21	0	20	13218.569049383983	25428.060708904446	298.00000000000006	13222	25435
point	2	21	1	20	8601.605052709443	9141.792310517436	448.0	8951	8848
point	1	21	0	20	11675.407344311905	28765.462220510875	448.0	11806	28727
point	34	15	1	20	7350.532075246707	18958.59631545923	298.0	7248	18915
newpoint	100	1	1	20	11341.0	11238.0	298.0	11276	11265
newpoint	101	1	1	20	12419.0	19846.0	298.0	12458	19813
newpoint	102	1	0	20	14527.0	20564.0	298.0	14498	20720
newpoint	103	1	3	20	12561.0	19161.0	126.125	12775	18725
newpoint	104	1	0	20	12841.0	21579.0	298.0	12818	21616
